0 6.80578 0.236216
1 6.56473 0.139089
2 6.58661 0.154132
3 6.94047 0.184843
4 6.65895 0.189035
5 6.47198 0.233651
6 6.24005 0.217506
7 7.0265 0.117972
8 6.23716 0.109678
9 6.771 0.107789
10 7.01801 0.101535
11 7.06802 0.0994543
12 6.89962 0.110844
13 6.50127 0.138447
14 6.97275 0.131634
15 7.10003 0.0963121
16 7.52817 0.132253
17 6.29441 0.113126
18 6.54371 0.120975
19 6.89442 0.142572
20 6.16095 0.128735
21 7.18239 0.13013
22 6.60513 0.129351
23 6.91776 0.0865396
24 6.91153 0.109207
25 6.57434 0.0691719
26 6.45268 0.071502
27 6.32076 0.135493
28 6.97636 0.116866
29 7.43101 0.118778
30 7.00329 0.0894405
31 6.96878 0.126719
32 6.68502 0.124315
33 6.59679 0.101096
34 6.58743 0.116913
35 6.56141 0.102561
36 7.33549 0.110153
37 6.63954 0.111453
38 7.14089 0.134311
39 5.90083 0.14057
40 7.11969 0.0958053
41 6.98398 0.117387
42 7.26307 0.121597
43 6.95464 0.119633
44 6.92598 0.118428
45 7.36704 0.123749
46 6.55834 0.140116
47 6.60026 0.116854
48 7.15319 0.126963
49 7.12986 0.0903648
50 7.57799 0.118071
51 7.03462 0.142159
52 7.12305 0.093674
53 7.17735 0.114875
54 6.5437 0.139629
55 6.9944 0.138707
56 7.08016 0.11202
57 6.90229 0.13997
58 7.46998 0.0890379
59 7.27408 0.13208
60 6.10434 0.129671
61 7.07341 0.112084
62 7.00053 0.112214
63 7.38037 0.123
64 7.35824 0.107695
65 6.61205 0.120197
66 7.3019 0.0935511
67 7.03909 0.101625
68 6.95151 0.112537
69 6.73097 0.105832
70 7.41624 0.131157
71 7.08894 0.115532
72 7.00369 0.135652
73 6.89838 0.132325
74 7.67205 0.0984571
75 7.2754 0.110855
76 6.82338 0.104752
77 7.48279 0.110076
78 7.19828 0.122093
79 7.15362 0.0904644
80 7.19361 0.108573
81 7.16954 0.112395
82 8.02537 0.142985
83 7.64799 0.143659
84 7.88422 0.124823
85 7.05773 0.136099
86 7.13497 0.113986
87 7.18653 0.126917
88 7.18202 0.10528
89 7.211 0.119481
90 7.3211 0.105811
91 7.21312 0.0973305
92 8.06162 0.11652
93 7.81498 0.123774
94 6.32998 0.0963078
95 7.28983 0.117691
96 7.237 0.120747
97 7.16745 0.112432
98 7.4816 0.135041
99 7.2477 0.0937028
100 7.39927 0.102643
101 7.87825 0.110968
102 7.32795 0.126549
103 7.78635 0.112905
104 7.54571 0.126936
105 7.48919 0.0946724
106 7.40125 0.157322
107 7.38699 0.119202
108 6.70489 0.124712
109 7.94179 0.117753
110 7.31292 0.0998498
111 7.30307 0.103306
112 7.42093 0.0991023
113 6.62978 0.100361
114 7.48417 0.133002
115 7.47689 0.107401
116 6.7885 0.10573
117 7.3722 0.12389
118 7.50352 0.0971519
119 6.7815 0.118708
120 6.88213 0.0948436
121 6.61664 0.130042
122 7.12299 0.0966093
123 7.41276 0.105872
124 6.74165 0.0999021
125 7.69427 0.126237
126 7.7087 0.098509
127 7.73098 0.125027
128 7.54076 0.0989353
129 7.60129 0.122597
130 6.79863 0.102526
131 7.82596 0.141907
132 7.7555 0.121261
133 7.50664 0.104703
134 7.41608 0.0939667
135 7.75884 0.102413
136 7.5612 0.0863034
137 8.18444 0.121179
138 7.56719 0.10784
139 7.39192 0.0956605
140 7.43869 0.119199
141 7.24838 0.0858484
142 7.07039 0.120734
143 7.41596 0.0980381
144 7.02452 0.117331
145 6.97957 0.102628
146 6.93301 0.106249
147 7.49797 0.104924
148 6.89435 0.0782776
149 7.32149 0.106189
150 7.07642 0.100536
151 6.97889 0.0910382
152 6.82621 0.120281
153 6.88339 0.100818
154 7.44454 0.101926
155 6.81545 0.109387
156 7.54835 0.110034
157 7.23797 0.110662
158 6.20802 0.11578
159 7.6145 0.0955315
160 7.29963 0.0994779
161 7.31382 0.101047
162 7.0057 0.123956
163 6.35753 0.0662777
164 6.25308 0.0723741
165 6.46647 0.06327
166 6.82259 0.109515
167 6.85958 0.0982135
168 6.22847 0.0771879
169 6.24226 0.069475
170 6.08453 0.0722349
171 6.40372 0.0752788
172 6.35258 0.0841528
173 5.99093 0.0808506
174 5.81399 0.0831602
175 6.0463 0.0738625
176 5.85176 0.0865502
177 5.98948 0.0835834
178 6.18684 0.0809106
179 6.03107 0.0695769
180 6.11503 0.0873059
181 5.82166 0.0844433
182 6.2462 0.114692
183 6.06461 0.111855
184 5.98177 0.0929858
185 6.47964 0.0988134
186 6.31446 0.106816
187 6.34331 0.108224
188 6.22913 0.11143
