0 6.36159 0.339868
1 5.87239 0.306838
2 5.83873 0.22017
3 5.44084 0.231666
4 5.65352 0.217379
5 5.93837 0.222452
6 5.04326 0.238341
7 5.62472 0.229044
8 5.55093 0.223304
9 5.18706 0.247261
10 5.68592 0.234575
11 5.60364 0.198366
12 6.26792 0.229865
13 6.36391 0.215147
14 5.32822 0.222323
15 5.62231 0.198107
16 5.80385 0.205234
17 5.77676 0.229051
18 5.30269 0.229501
19 5.51853 0.212132
20 4.41359 0.437377
21 5.95707 0.202144
22 5.58089 0.215495
23 5.71228 0.213021
24 5.51844 0.211557
25 5.84891 0.230632
26 5.64525 0.194706
27 5.18107 0.227294
28 5.68351 0.272527
29 6.30634 0.217969
30 6.49511 0.214285
31 6.24584 0.200123
32 5.68153 0.202968
33 5.8894 0.251677
34 5.62285 0.217405
35 5.38174 0.202202
36 6.19515 0.192788
37 5.69125 0.211883
38 5.71712 0.233955
39 5.98929 0.206817
40 6.19269 0.197226
41 6.07052 0.180347
42 5.6826 0.209318
43 5.87251 0.199894
44 5.69742 0.193774
45 5.65374 0.182296
46 5.85508 0.21871
47 5.60097 0.228133
48 5.5786 0.157837
49 5.97312 0.164414
50 6.52798 0.228236
51 5.69786 0.27607
