0.00573135 0.00578469 0.00581214 0.00615348 0.00612474 0.00611934 0.00569469 
0.00594531 0.00595449 0.00575226 0.00575022 0.00575211 0.00587685 0.00590514 
0.00585585 0.00563235 0.00614292 0.00619599 0.0060534 0.00629133 0.00595644 
0.00573414 0.00615102 0.00565395 0.00608316 0.00546924 0.00540633 0.00572949 
0.00597906 0.00591633 0.00558525 0.0058764 0.00594288 0.00565341 0.0060297 
0.00581193 0.00583092 0.00569889 0.00590202 0.00596208 0.0057174 0.00582846 
0.00624231 0.0062949 0.00624426 0.00601551 0.00638847 0.00612453 0.00620958 
0.00577872 0.00622842 0.00627459 0.00575289 0.0061956 0.00647829 0.00596568 
0.00571419 0.00972301 0.00870411 0.00596283 0.00606123 0.00570261 0.00600432 
0.00826204 0.00766356 0.00832803 0.00791393 0.00751876 0.00732005 0.00582117 
0.00767623 0.00879481 0.00823797 0.00823668 0.00827686 0.00833333 0.00673202 
0.00700241 0.00837605 0.00824967 0.0083761 0.0088382 0.0067383 0.00558955 
0.00618459 0.00809441 0.00903295 0.00839457 0.00776988 0.0072729 0.00689881 
0.00841829 0.00879094 0.00852875 0.00856603 0.00835098 0.00850333 0.00584166 
0.00766326 0.00845627 0.00816802 0.00762702 0.00804005 0.00761411 0.00698353 
0.00691644 0.0072796 0.00735524 0.00840458 0.00778725 0.00753926 0.00552258 
0.00677031 0.00835278 0.00858735 0.00871354 0.00832416 0.0083657 0.00679295 
0.00703619 0.00781858 0.00802496 0.00723151 0.00797648 0.00815428 0.00773914 
0.0070341 0.00789202 0.00801566 0.00804384 0.00871063 0.00809339 0.00680193 
0.00718589 0.00833138 0.00792978 0.00804538 0.00779332 0.00820783 0.00582918 
0.00743561 0.00800115 0.00831187 0.00781752 0.00864898 0.00872541 0.0057717 
0.00683859 0.007919 0.00787011 0.00747637 0.00773679 0.00809343 0.00565962 
0.00800504 0.0077469 0.00837599 0.00770277 0.00838644 0.00818001 0.00586647 
0.00593013 0.00897199 0.00765633 0.00784399 0.00837067 0.00928441 0.00563037 
0.00550362 0.00547206 0.0054747 0.00540081 0.00557724 0.00552294 0.00556287 
0.00545463 0.00564408 0.00549714 0.00560718 0.00543837 0.00551577 0.00547983 
0.00550857 0.00556215 0.00538329 0.00546267 0.0055062 0.00544011 0.00540375 
