0.023123 0.0222362 
0.0303294 0.0223335 
0.0287457 0.0325672 
0.0268001 0.0315121 
0.0309874 0.0289295 
0.0310888 0.0255527 
0.0267381 0.0283088 
0.0245972 0.0256903 
0.0243633 0.0249788 
0.0271561 0.0231387 
0.0237884 0.0218141 
0.0229832 0.0228894 
0.0227559 0.0239562 
0.0226559 0.0214803 
0.0250554 0.0265894 
0.0252082 0.0243722 
0.0271743 0.0269746 
0.0276667 0.0246302 
0.0241027 0.0251109 
0.0120944 0.0223601 
0.0223124 0.0217776 
0.0227682 0.021957 
0.0222923 0.0220295 
0.0209568 0.0226937 
0.0223496 0.0214283 
0.0219862 0.0211567 
