0.00930666 0.00907152 
0.00878553 0.009339 
0.00858915 0.00898413 
0.00923379 0.00885609 
0.0089763 0.00886818 
0.00880815 0.00863163 
0.00936099 0.00868065 
0.00874488 0.00883671 
0.0104243 0.0086011 
0.0109508 0.0112899 
0.00991792 0.010673 
0.0101224 0.0111284 
0.0103835 0.0116544 
0.00938236 0.0103963 
0.0104484 0.0128306 
0.0112147 0.011203 
0.0119258 0.0119008 
0.0119631 0.0111538 
0.0114501 0.0130293 
0.0113889 0.0118397 
0.011861 0.0118366 
0.0119886 0.0118487 
0.0136377 0.0141552 
0.00851685 0.00901578 
0.00904704 0.00857052 
0.00900714 0.00847386 
