0.00573135 0.00578469 0.00581214 0.00615348 0.00612474 0.00611934 0.00569469 
0.00594531 0.00595449 0.00575226 0.00575022 0.00575211 0.00587685 0.00590514 
0.00585585 0.00563235 0.00614292 0.00619599 0.0060534 0.00629133 0.00595644 
0.00573414 0.00615102 0.00565395 0.00608316 0.00546924 0.00540633 0.00572949 
0.00597906 0.00591633 0.00558525 0.0058764 0.00594288 0.00565341 0.0060297 
0.00581193 0.00583092 0.00569889 0.00590202 0.00596208 0.0057174 0.00582846 
0.00624231 0.0062949 0.00624426 0.00601551 0.00638847 0.00612453 0.00620958 
0.00577872 0.00622842 0.00627459 0.00575289 0.0061956 0.00647829 0.00596568 
0.00571419 0.00972299 0.00870409 0.00596283 0.00606123 0.00570261 0.00600432 
0.00826201 0.00766358 0.00832803 0.00791391 0.00751874 0.00732006 0.00582117 
0.00767625 0.0087948 0.00823796 0.00823666 0.00827683 0.00833333 0.00673204 
0.00700243 0.00837605 0.00824967 0.0083761 0.0088382 0.00673831 0.00558955 
0.00618457 0.00809443 0.00903294 0.00839459 0.00776985 0.0072729 0.00689879 
0.0084183 0.00879094 0.00852875 0.00856604 0.00835095 0.00850334 0.00584166 
0.00766324 0.00845628 0.00816804 0.00762704 0.00804006 0.00761413 0.00698352 
0.00691645 0.00727961 0.00735526 0.00840456 0.00778726 0.00753927 0.00552258 
0.00677029 0.0083528 0.00858734 0.00871352 0.00832416 0.00836571 0.00679294 
0.00703616 0.00781859 0.00802497 0.0072315 0.00797646 0.00815426 0.00773912 
0.00703412 0.00789204 0.00801569 0.00804386 0.0087106 0.00809339 0.00680191 
0.00718587 0.00833141 0.00792978 0.00804537 0.00779331 0.00820781 0.00582918 
0.00743559 0.00800114 0.00831186 0.00781754 0.00864895 0.00872539 0.0057717 
0.0068386 0.007919 0.00787009 0.00747634 0.00773681 0.00809342 0.00565962 
0.00800503 0.00774688 0.00837601 0.0077028 0.00838644 0.00818001 0.00586647 
0.00593013 0.008972 0.00765632 0.00784398 0.00837069 0.00928442 0.00563037 
0.00550362 0.00547206 0.0054747 0.00540081 0.00557724 0.00552294 0.00556287 
0.00545463 0.00564408 0.00549714 0.00560718 0.00543837 0.00551577 0.00547983 
0.00550857 0.00556215 0.00538329 0.00546267 0.0055062 0.00544011 0.00540375 
