0.0120987 0.011793 
0.0114212 0.0121407 
0.0111659 0.0116794 
0.0120039 0.0115129 
0.0116692 0.0115286 
0.0114506 0.0112211 
0.0121693 0.0112848 
0.0113683 0.0114877 
0.0130765 0.0118045 
0.0184156 0.0163244 
0.00860279 0.0104594 
0.00834498 0.0152202 
0.0100434 0.0208744 
0.0164814 0.0144454 
0.0110653 0.0239945 
0.0135028 0.0185456 
0.0249668 0.0266207 
0.02032 0.0136103 
0.0130864 0.0224438 
0.00993954 0.0193361 
0.0212194 0.0158462 
0.0117926 0.00757628 
0.0116861 0.01151 
0.0110719 0.0117205 
0.0117612 0.0111417 
0.0117093 0.011016 
