1 1 1 1 1 1 1  1 1 1 1 1 1 1  1 1 1 1 1 1 1  1 1 1 1 1 1 1  1 1 1 1 1 1 1  1 1 1 1 1 1 1  1 1 1 1 1 1 1  1 1 1 1 1 1 1  1 1.61483 
1.55977 
1 1 1 1  1.40185 
1.33478 
1.42296 
1.3808 
1.31776 
1.29605 
1  1.31357 
1.47062 
1.38451 
1.38581 
1.40103 
1.49481 
1  1.20694 
1.39557 
1.43587 
1.39559 
1.42501 
1.10788 
0.962969 
 1.03437 
1.32906 
1.53268 
1.44154 
1.36106 
1.25873 
1.24351 
 1.4718 
1.58627 
1.45688 
1.48876 
1.43976 
1.37902 
1  1.30387 
1.4734 
1.43452 
1.32552 
1.36197 
1.28431 
1.16057 
 1.20337 
1.27807 
1.29942 
1.38856 
1.35756 
1.30022 
1.00217 
 1.19017 
1.43325 
1.36928 
1.52185 
1.46244 
1.39183 
1.18517 
 1.19906 
1.34117 
1.34633 
1.28923 
1.33322 
1.38485 
1.28513 
 1.24618 
1.32064 
1.42129 
1.36371 
1.45907 
1.33515 
1.15116 
 1.28879 
1.45261 
1.35711 
1.3924 
1.35317 
1.41517 
1  1.30842 
1.4009 
1.39264 
1.37627 
1.38305 
1.52996 
1  1.20659 
1.39067 
1.37508 
1.32874 
1.37245 
1.39465 
1  1.4247 
1.39088 
1.47109 
1.39819 
1.43306 
1.4662 
1  1 1.58618 
1.47219 
1.48628 
1.56187 
1.69552 
1  1 1 1 1 1 1 1  1 1 1 1 1 1 1  1 1 1 1 1 1 1  