0.00693493 0.00699947 0.00703269 0.00744571 0.00741094 0.0074044 0.00689057 
0.00719383 0.00720493 0.00696023 0.00695777 0.00696005 0.00711099 0.00714522 
0.00708558 0.00681514 0.00743293 0.00749715 0.00732461 0.00761251 0.00720729 
0.00693831 0.00744273 0.00684128 0.00736062 0.00661778 0.00654166 0.00693268 
0.00723466 0.00715876 0.00675815 0.00711044 0.00719088 0.00684063 0.00729594 
0.00703244 0.00705541 0.00689566 0.00714144 0.00721412 0.00691805 0.00705244 
0.0075532 0.00761683 0.00755555 0.00727877 0.00773005 0.00741068 0.00751359 
0.00699225 0.00753639 0.00759225 0.006961 0.00749668 0.00783873 0.00721847 
0.00691417 0.0072547 0.00685373 0.00721502 0.00733409 0.00690016 0.00726523 
0.00726167 0.0116659 0.00976958 0.00947023 0.00693541 0.00684277 0.00704362 
0.00729002 0.00985209 0.00905898 0.00894233 0.00930903 0.00716014 0.00694045 
0.00700917 0.0100337 0.00858661 0.00888787 0.00888438 0.00983746 0.00729474 
0.00709371 0.0100101 0.00934152 0.00927597 0.00878605 0.00947773 0.00688506 
0.00694466 0.00929335 0.00886413 0.0088112 0.00848285 0.0091535 0.00706841 
0.0105376 0.00890826 0.0090291 0.00935913 0.00897366 0.0098799 0.00725532 
0.00712903 0.0090168 0.00847189 0.00847698 0.00838959 0.00832654 0.0068195 
0.00683809 0.00998925 0.00905577 0.00917449 0.00905185 0.0103309 0.00696274 
0.00735616 0.00994313 0.00893259 0.00803052 0.00902907 0.00716958 0.00736854 
0.006879 0.0104795 0.00843874 0.00779669 0.00855091 0.00742901 0.00716743 
0.00709131 0.00697534 0.00895865 0.00686966 0.00915825 0.00709828 0.00705331 
0.00693526 0.00701497 0.00997231 0.00877649 0.00766867 0.00703153 0.00698376 
0.00699722 0.0070418 0.00710968 0.0069468 0.00696938 0.00718522 0.00684814 
0.00714391 0.00696521 0.00711102 0.00716068 0.00727249 0.00695798 0.00709843 
0.00717546 0.007324 0.00654511 0.00666003 0.00664268 0.00683634 0.00681275 
0.00665938 0.00662119 0.00662439 0.00653498 0.00674846 0.00668276 0.00673107 
0.0066001 0.00682934 0.00665154 0.00678469 0.00658043 0.00667408 0.00663059 
0.00666537 0.0067302 0.00651378 0.00660983 0.0066625 0.00658253 0.00653854 
