0.0120987 0.011793 
0.0114212 0.0121407 
0.0111659 0.0116794 
0.0120039 0.0115129 
0.0116692 0.0115286 
0.0114506 0.0112211 
0.0121693 0.0112848 
0.0113683 0.0114877 
0.0137731 0.0118045 
0.0164377 0.0154235 
0.0101644 0.0121513 
0.0103825 0.0155158 
0.0115012 0.0186079 
0.0138559 0.0144729 
0.0122814 0.0219722 
0.0137937 0.0172037 
0.0211418 0.0219761 
0.0187349 0.0143263 
0.0138052 0.0212657 
0.0118368 0.0179613 
0.0160098 0.0159676 
0.0132923 0.00954012 
0.0116861 0.01151 
0.0110719 0.0117205 
0.0117612 0.0111417 
0.0117093 0.011016 
