0.0128432 0.0125187 
0.012124 0.0128878 
0.011853 0.0123981 
0.0127426 0.0122214 
0.0123873 0.0122381 
0.0201785 0.0119116 
0.0147227 0.0119793 
0.0150036 0.0121947 
0.0160385 0.012531 
0.0187156 0.0262927 
0.0156676 0.0195066 
0.0180134 0.0180808 
0.0213512 0.0173219 
0.0183727 0.0169215 
0.021102 0.0254469 
0.0251588 0.0157794 
0.0128552 0.0125782 
0.0126284 0.012574 
0.0129234 0.0122857 
0.0129132 0.0120412 
0.0123358 0.0119094 
0.0127997 0.0121113 
0.0124052 0.0122183 
0.0117533 0.0124418 
0.0124849 0.0118273 
0.0124299 0.0116939 
