1.28 1.28 1.28 1.28 1.28 1.28 1.28 
1.28 1.28 1.28 1.28 1.28 1.28 1.28 
1.28 1.28 1.28 1.28 1.28 1.28 1.28 
1.28 1.28 1.28 1.28 1.28 1.28 1.28 
1.28 1.28 1.28 1.28 1.28 1.28 1.28 
1.28 1.28 1.28 1.28 1.28 1.28 1.28 
1.28 1.28 1.28 1.28 1.28 1.28 1.28 
1.28 1.79778 1.47992 2.27324 1.28 1.28 1.28 
1.28 2.20594 1.89181 1.90737 1.28 1.28 1.28 
1.28 0.964232 1.23107 1.8919 1.28 1.28 1.28 
1.28 1.41428 1.29396 1.52929 2.93594 1.28 1.28 
1.28 1.33919 1.25936 1.48925 2.1996 1.28 1.28 
1.28 1.34138 1.18073 1.4716 2.18988 1.28 1.28 
1.28 1.58073 1.23245 1.41377 2.48725 1.28 1.28 
1.28 1.32964 1.15795 1.27007 1.96832 1.28 1.28 
1.28 1.62814 1.63594 2.01274 2.17707 1.28 1.28 
1.28 1.28 1.28 1.28 1.28 1.28 1.28 
1.28 1.28 1.28 1.28 1.28 1.28 1.28 
1.28 1.28 1.28 1.28 1.28 1.28 1.28 
1.28 1.28 1.28 1.28 1.28 1.28 1.28 
1.28 1.28 1.28 1.28 1.28 1.28 1.28 
1.28 1.28 1.28 1.28 1.28 1.28 1.28 
1.28 1.28 1.28 1.28 1.28 1.28 1.28 
1.28 1.28 1.28 1.28 1.28 1.28 1.28 
1.28 1.28 1.28 1.28 1.28 1.28 1.28 
1.28 1.28 1.28 1.28 1.28 1.28 1.28 
1.28 1.28 1.28 1.28 1.28 1.28 1.28 
