1 1 1 1 1 1 1 
1 1 1 1 1 1 1 
1 1 1 1 1 1 1 
1 1 1 1 1 1 1 
1 1 1 1 1 1 1 
1 1 1 1 1 1 1 
1 1 1 1 1 1 1 
1 1 1 1 1 1 1 
1 0.963023 0.862978 1 1 1 1 
0.890548 0.916373 0.945442 0.966458 0.955772 1.22181 1 
0.96213 0.922734 0.927927 0.970047 0.992279 0.825896 0.943245 
0.896713 0.928505 0.934596 0.923748 0.958769 0.958239 0.772631 
0.761575 0.933397 0.905263 0.910545 0.902819 0.946495 0.743309 
0.897383 0.93412 0.908695 0.889378 0.94421 0.916028 1.13206 
0.874184 0.888025 0.867136 0.870026 0.898512 0.878575 0.79741 
0.875931 0.886066 0.887446 0.919244 0.885275 0.88261 0.854087 
0.693357 0.882633 0.845783 0.865204 0.868932 0.899644 0.788689 
0.930626 0.900533 0.890887 0.899916 0.880288 0.873162 1.06835 
0.808667 0.870952 0.905858 0.883694 0.905698 0.894997 0.800625 
0.77513 0.921861 0.858948 0.892566 0.882759 0.930392 1 
1.02403 0.865855 0.899885 0.888543 0.923405 0.91886 1 
0.954882 0.853608 0.890871 0.898809 0.893008 0.866708 1.23079 
0.64598 0.908733 0.884848 0.860216 0.98048 0.836859 1 
0.96797 0.857565 0.946702 1.00201 0.86784 1.43029 1 
1 1 1 1 1 1 1 
1 1 1 1 1 1 1 
1 1 1 1 1 1 1 
