0.00745075 0.0075201 0.00755578 0.00799952 0.00796216 0.00795514 0.0074031 
0.0077289 0.00774084 0.00747794 0.00747529 0.00747774 0.00763991 0.00767668 
0.00761261 0.00732206 0.0079858 0.00805479 0.00786942 0.00817873 0.00774337 
0.00745438 0.00799633 0.00735013 0.00790811 0.00711001 0.00702823 0.00744834 
0.00777278 0.00769123 0.00726083 0.00763932 0.00772574 0.00734943 0.00783861 
0.00755551 0.0075802 0.00740856 0.00767263 0.0077507 0.00743262 0.007577 
0.008115 0.00818337 0.00811754 0.00782016 0.00830501 0.00796189 0.00807245 
0.00751234 0.00809695 0.00815697 0.00747876 0.00805428 0.00842178 0.00775538 
0.00742845 0.00931274 0.00848495 0.00775168 0.0078796 0.00741339 0.00780562 
0.0074596 0.0074288 0.00810586 0.00748619 0.00763658 0.00735173 0.00756752 
0.00702831 0.00849057 0.00798888 0.00789353 0.00777095 0.00895895 0.00745668 
0.00673123 0.00806027 0.00792128 0.00800087 0.00866504 0.0068223 0.00592266 
0.00621029 0.00784791 0.00868684 0.00805413 0.00755777 0.00712434 0.00612647 
0.00808614 0.00846852 0.00814274 0.00813097 0.00812903 0.00825388 0.00759416 
0.00711594 0.00810325 0.00782345 0.00733056 0.00777663 0.00737626 0.00680655 
0.00661579 0.00700136 0.00707658 0.00804698 0.00739618 0.00718129 0.00526306 
0.00663093 0.00780351 0.00808041 0.0082926 0.00801426 0.00800714 0.00689762 
0.00621812 0.00755026 0.00773962 0.00691943 0.00754655 0.00815959 0.00791661 
0.00687388 0.00741228 0.00768012 0.00764801 0.0083456 0.00771723 0.00701595 
0.00732781 0.00796826 0.00750375 0.00771614 0.007436 0.0079045 0.00757793 
0.00745111 0.00803844 0.00776411 0.00742063 0.00828932 0.00826775 0.00750321 
0.00751768 0.0078472 0.00732244 0.00708447 0.00735493 0.00759758 0.00735751 
0.00824644 0.00717562 0.00788249 0.00668787 0.00723965 0.00812641 0.00762641 
0.00770917 0.00841551 0.00720816 0.00686674 0.00821173 0.00734483 0.00731948 
0.00715471 0.00711368 0.00711711 0.00702105 0.00725041 0.00717982 0.00723173 
0.00709102 0.0073373 0.00714628 0.00728933 0.00706988 0.0071705 0.00712378 
0.00716114 0.00723079 0.00699828 0.00710147 0.00715806 0.00707214 0.00702487 
