0.00733613 0.0074044 0.00743954 0.00787645 0.00783967 0.00783276 0.0072892 
0.00761 0.00762175 0.00736289 0.00736028 0.0073627 0.00752237 0.00755858 
0.00749549 0.00720941 0.00786294 0.00793087 0.00774835 0.0080529 0.00762424 
0.0073397 0.00787331 0.00723706 0.00778644 0.00700063 0.0069201 0.00733375 
0.0076532 0.0075729 0.00714912 0.00752179 0.00760689 0.00723636 0.00771802 
0.00743927 0.00746358 0.00729458 0.00755459 0.00763146 0.00731827 0.00746043 
0.00799016 0.00805747 0.00799265 0.00769985 0.00817724 0.0078394 0.00794826 
0.00739676 0.0111973 0.00928588 0.0130777 0.00793037 0.00829221 0.00763607 
0.00731416 0.0132259 0.0107156 0.0113733 0.00775837 0.00729934 0.00768553 
0.00768177 0.00556022 0.00724252 0.0109077 0.00733663 0.00723863 0.0074511 
0.00771176 0.00847132 0.00773151 0.00913417 0.0173148 0.00757436 0.00734196 
0.00741466 0.00808903 0.00729306 0.00901201 0.0136588 0.00771982 0.00771675 
0.00750409 0.00822721 0.00699281 0.00860989 0.0125818 0.00738993 0.00728337 
0.00734642 0.00884139 0.00725279 0.00822036 0.0144987 0.00791067 0.00747732 
0.00763649 0.00769254 0.00663519 0.00736339 0.0116866 0.00769398 0.00767505 
0.00754145 0.00936373 0.00938552 0.0123126 0.0126426 0.00750597 0.00721402 
0.00723368 0.00756008 0.00814671 0.00738931 0.0073536 0.00776924 0.00736554 
0.00778172 0.00751557 0.00770112 0.00725303 0.00775112 0.00758435 0.00779482 
0.00727695 0.00785353 0.00730403 0.00764655 0.00770097 0.00785879 0.00758208 
0.00750156 0.00737887 0.00767136 0.00745939 0.00755766 0.00750893 0.00746135 
0.00733647 0.0074208 0.00781947 0.00740348 0.00811231 0.00743831 0.00738778 
0.00740202 0.00744918 0.00752099 0.00734868 0.00737257 0.0076009 0.00724431 
0.0075572 0.00736815 0.00752241 0.00757494 0.00769321 0.00736051 0.00750908 
0.00759057 0.0077477 0.00692375 0.00704532 0.00702697 0.00723183 0.00720687 
0.00704463 0.00700424 0.00700762 0.00691304 0.00713887 0.00706936 0.00712047 
0.00698193 0.00722442 0.00703634 0.00717719 0.00696111 0.00706019 0.00701418 
0.00705097 0.00711955 0.00689061 0.00699222 0.00704794 0.00696334 0.0069168 
