1.21 1.21 1.21 1.21 1.21 1.21 1.21 
1.21 1.21 1.21 1.21 1.21 1.21 1.21 
1.21 1.21 1.21 1.21 1.21 1.21 1.21 
1.21 1.21 1.21 1.21 1.21 1.21 1.21 
1.21 1.21 1.21 1.21 1.21 1.21 1.21 
1.21 1.21 1.21 1.21 1.21 1.21 1.21 
1.21 1.21 1.21 1.21 1.21 1.21 1.21 
1.21 1.21 1.21 1.21 1.21 1.21 1.21 
1.21 1.21 1.21 1.21 1.21 1.21 1.21 
1.21 2.02305 1.66061 1.64257 1.21 1.21 1.21 
1.21 1.64479 1.51613 1.49717 1.57846 1.21 1.21 
1.21 1.66115 1.48272 1.46873 1.43073 1.63112 1.21 
1.21 1.63207 1.57731 1.58544 1.52923 1.64163 1.21 
1.21 1.66153 1.50626 1.51538 1.45523 1.4811 1.21 
1.76627 1.53977 1.57573 1.61431 1.51139 1.64366 1.21 
1.21 1.56782 1.47669 1.38573 1.44469 1.41993 1.21 
1.21 1.69129 1.42283 1.58923 1.57561 1.70204 1.21 
1.21 1.69344 1.48468 1.41721 1.49104 1.21 1.21 
1.21 1.708 1.47885 1.30513 1.42127 1.21 1.21 
1.21 1.21 1.49479 1.1788 1.55108 1.21 1.21 
1.21 1.21 1.63241 1.51738 1.21 1.21 1.21 
1.21 1.21 1.21 1.21 1.21 1.21 1.21 
1.21 1.21 1.21 1.21 1.21 1.21 1.21 
1.21 1.21 1.21 1.21 1.21 1.21 1.21 
1.21 1.21 1.21 1.21 1.21 1.21 1.21 
1.21 1.21 1.21 1.21 1.21 1.21 1.21 
1.21 1.21 1.21 1.21 1.21 1.21 1.21 
