0.0119125 0.0116115 
0.0112455 0.0119539 
0.0109941 0.0114997 
0.0118193 0.0113358 
0.0114897 0.0113513 
0.0112744 0.0110485 
0.0105596 0.0111112 
0.0117468 0.011311 
0.0106297 0.0116229 
0.0122823 0.0119484 
0.0113802 0.0116166 
0.0121776 0.017196 
0.0130677 0.0117555 
0.0108427 0.0112714 
0.0126915 0.011441 
0.0224174 0.0109716 
0.0119237 0.0116668 
0.0117133 0.0116629 
0.0119869 0.0113954 
0.0119774 0.0111687 
0.0114419 0.0110464 
0.0118722 0.0112337 
0.0115063 0.0113329 
0.0109016 0.0115402 
0.0115802 0.0109703 
0.0115291 0.0108465 
