1 1 1 1 1 1 1 
1 1 1 1 1 1 1 
1 1 1 1 1 1 1 
1 1 1 1 1 1 1 
1 1 1 1 1 1 1 
1 1 1 1 1 1 1 
1 1 1 1 1 1 1 
1 1 1 1 1 1 1 
1 1.62168 1.53667 1 1 1 1 
1.37668 1.32899 1.41558 1.37263 1.31177 1.2944 1 
1.27411 1.46828 1.37872 1.37902 1.40343 1.40826 1.17367 
1.20884 1.38671 1.42454 1.38416 1.42329 1.11726 0.927156 
1.05492 1.31973 1.52521 1.4348 1.35235 1.25973 1.21241 
1.46676 1.57171 1.44927 1.47322 1.4326 1.3759 1 
1.28448 1.46165 1.42546 1.31555 1.35415 1.26672 1.16467 
1.17392 1.26576 1.28206 1.37389 1.34097 1.28568 0.979885 
1.198 1.41422 1.34923 1.50938 1.44894 1.37827 1.18049 
1.15736 1.33161 1.33383 1.2762 1.31721 1.37618 1.27085 
1.23729 1.28628 1.40472 1.34651 1.44781 1.31821 1.14829 
1.22613 1.44524 1.32312 1.38055 1.31991 1.39913 1 
1.29729 1.3801 1.3606 1.35159 1.36467 1.50148 1 
1.18257 1.36073 1.33941 1.30223 1.34324 1.36294 1 
1.35585 1.34579 1.42525 1.30161 1.39534 1.42251 1 
1 1.48227 1.41543 1.4251 1.52477 1.6433 1 
1 1 1 1 1 1 1 
1 1 1 1 1 1 1 
1 1 1 1 1 1 1 
