1.3 1.3 1.3 1.3 1.3 1.3 1.3 
1.3 1.3 1.3 1.3 1.3 1.3 1.3 
1.3 1.3 1.3 1.3 1.3 1.3 1.3 
1.3 1.3 1.3 1.3 1.3 1.3 1.3 
1.3 1.3 1.3 1.3 1.3 1.3 1.3 
1.3 1.3 1.3 1.3 1.3 1.3 1.3 
1.3 1.3 1.3 1.3 1.3 1.3 1.3 
1.3 1.3 1.3 1.3 1.3 1.3 1.3 
1.3 1.55326 1.49799 1.3 1.3 1.3 1.3 
1.24298 1.28827 1.37782 1.29845 1.33233 1.3 1.3 
1.16656 1.41749 1.33703 1.32158 1.31766 1.51398 1.3 
1.16202 1.33443 1.36783 1.32215 1.3954 1.13118 0.982408 
1.05931 1.27953 1.46677 1.3766 1.31544 1.234 1.07668 
1.40888 1.51407 1.38368 1.39839 1.39453 1.33553 1.3 
1.19275 1.40063 1.36532 1.26441 1.30978 1.22714 1.13516 
1.12289 1.21738 1.23348 1.31544 1.27363 1.22463 0.933838 
1.17334 1.32122 1.26958 1.43647 1.395 1.31919 1.19868 
1.02281 1.28591 1.2864 1.22113 1.24622 1.37708 1.3 
1.2091 1.20808 1.34591 1.28024 1.38715 1.25694 1.18443 
1.25035 1.38224 1.25203 1.32406 1.2594 1.34743 1.3 
1.3 1.38654 1.27094 1.28296 1.30793 1.42273 1.3 
1.3 1.34839 1.24621 1.23398 1.27694 1.27944 1.3 
1.39674 1.24655 1.34127 1.13011 1.20454 1.41319 1.3 
1.3 1.39033 1.33258 1.24755 1.49581 1.3 1.3 
1.3 1.3 1.3 1.3 1.3 1.3 1.3 
1.3 1.3 1.3 1.3 1.3 1.3 1.3 
1.3 1.3 1.3 1.3 1.3 1.3 1.3 
