0.0112611 0.0109765 
0.0106305 0.0113002 
0.0103929 0.0108708 
0.0111729 0.0107159 
0.0108613 0.0107305 
0.0106579 0.0104443 
0.0113268 0.0105036 
0.0105813 0.0106924 
0.0114752 0.0109873 
0.0111466 0.0113088 
0.0102953 0.0114703 
0.0106977 0.0117495 
0.011333 0.0121337 
0.0103761 0.0110959 
0.0119896 0.0137833 
0.0120907 0.0122966 
0.0124755 0.0122823 
0.012928 0.0118847 
0.0126686 0.0135835 
0.01268 0.0130477 
0.0135813 0.0133462 
0.0196956 0.0106193 
0.010877 0.0107131 
0.0103054 0.0109091 
0.0109469 0.0103703 
0.0108986 0.0102534 
