1.31 1.31 1.31 1.31 1.31 1.31 1.31 
1.31 1.31 1.31 1.31 1.31 1.31 1.31 
1.31 1.31 1.31 1.31 1.31 1.31 1.31 
1.31 1.31 1.31 1.31 1.31 1.31 1.31 
1.31 1.31 1.31 1.31 1.31 1.31 1.31 
1.31 1.31 1.31 1.31 1.31 1.31 1.31 
1.31 1.31 1.31 1.31 1.31 1.31 1.31 
1.31 1.31 1.31 1.31 1.31 1.31 1.31 
1.31 1.31 1.31 1.31 1.31 1.31 1.31 
1.31 1.31 1.31 1.31 1.31 1.31 1.31 
1.31 1.31 1.31 1.31 1.31 1.31 1.31 
1.31 1.31 1.31 1.31 1.31 1.31 1.31 
1.31 1.31 1.31 1.31 1.31 1.31 1.31 
1.31 1.31 1.31 1.31 1.31 1.31 1.31 
1.31 1.31 0.933553 1.72781 1.31 1.31 1.31 
1.31 1.3437 1.29152 1.31 1.31 1.31 1.31 
1.31 1.31 1.31 1.31 1.31 1.31 1.31 
1.31 1.36447 1.33959 1.31 1.31 1.31 1.31 
1.31 1.31 1.31 1.31 1.31 1.31 1.31 
1.31 1.31 1.31 1.31 1.31 1.31 1.31 
1.31 1.31 1.31 1.31 1.31 1.31 1.31 
1.31 1.31 1.31 1.31 1.31 1.31 1.31 
1.31 1.31 1.31 1.31 1.31 1.31 1.31 
1.31 1.31 1.31 1.31 1.31 1.31 1.31 
1.31 1.31 1.31 1.31 1.31 1.31 1.31 
1.31 1.31 1.31 1.31 1.31 1.31 1.31 
1.31 1.31 1.31 1.31 1.31 1.31 1.31 
