0.00573135 0.00578469 0.00581214 0.00615348 0.00612474 0.00611934 0.00569469 
0.00594531 0.00595449 0.00575226 0.00575022 0.00575211 0.00587685 0.00590514 
0.00585585 0.00563235 0.00614292 0.00619599 0.0060534 0.00629133 0.00595644 
0.00573414 0.00615102 0.00565395 0.00608316 0.00546924 0.00540633 0.00572949 
0.00597906 0.00591633 0.00558525 0.0058764 0.00594288 0.00565341 0.0060297 
0.00581193 0.00583092 0.00569889 0.00590202 0.00596208 0.0057174 0.00582846 
0.00624231 0.0062949 0.00624426 0.00601551 0.00638847 0.00612453 0.00620958 
0.00577872 0.00622842 0.00627459 0.00575289 0.0061956 0.00647829 0.00596568 
0.00571419 0.0096819 0.00883492 0.00596283 0.00606123 0.00570261 0.00600432 
0.00841304 0.00769696 0.00837147 0.00796097 0.00755304 0.00732941 0.00582117 
0.007914 0.00880881 0.00827254 0.00827717 0.00826267 0.00884552 0.00573591 
0.00699143 0.00842955 0.00831526 0.00844523 0.00884887 0.00668177 0.00580546 
0.00606405 0.00815165 0.00907719 0.00843403 0.00781987 0.00726712 0.00707571 
0.00844721 0.00887235 0.00857354 0.00865639 0.00839266 0.0085226 0.00584166 
0.00777887 0.00852426 0.00821996 0.00768484 0.0080865 0.00771987 0.0069589 
0.00708998 0.00735041 0.00745486 0.00849425 0.0078836 0.00762453 0.00564817 
0.00672602 0.00846521 0.00871494 0.00878546 0.00840173 0.00844803 0.00681988 
0.00728966 0.00787473 0.00810017 0.00730532 0.0080734 0.00820564 0.00782607 
0.00708468 0.00810287 0.00811025 0.00814662 0.00877835 0.00819736 0.00681888 
0.0075531 0.00837391 0.00813347 0.0081144 0.00798971 0.00830187 0.00582918 
0.00749939 0.00812173 0.00850757 0.00796028 0.00876542 0.00889085 0.0057717 
0.00697748 0.00809322 0.00807968 0.00762848 0.00790504 0.00828172 0.00565962 
0.00841151 0.00800641 0.00864543 0.00827436 0.00861314 0.00843121 0.00586647 
0.00593013 0.00960099 0.00796335 0.0081807 0.00857439 0.0095795 0.00563037 
0.00550362 0.00547206 0.0054747 0.00540081 0.00557724 0.00552294 0.00556287 
0.00545463 0.00564408 0.00549714 0.00560718 0.00543837 0.00551577 0.00547983 
0.00550857 0.00556215 0.00538329 0.00546267 0.0055062 0.00544011 0.00540375 
