0.00790926 0.00798287 0.00802075 0.0084918 0.00845214 0.00844469 0.00785867 
0.00820453 0.0082172 0.00793812 0.0079353 0.00793791 0.00811005 0.00814909 
0.00808107 0.00777264 0.00847723 0.00855047 0.00835369 0.00868204 0.00821989 
0.00791311 0.00848841 0.00780245 0.00839476 0.00754755 0.00746074 0.0079067 
0.0082511 0.00816454 0.00770764 0.00810943 0.00820117 0.00780171 0.00832099 
0.00802046 0.00647034 0.00756171 0.00814479 0.00822767 0.00789001 0.00804327 
0.00861439 0.00819671 0.00786646 0.0128222 0.00881609 0.00845185 0.00856922 
0.00797463 0.00853203 0.00658234 0.0113488 0.00854993 0.00894004 0.00823264 
0.00788558 0.0136192 0.010361 0.0129908 0.0083645 0.0078696 0.00828596 
0.0082819 0.00567853 0.00581236 0.010689 0.0079098 0.00780415 0.00803321 
0.00831424 0.00884469 0.00924819 0.00780928 0.0154418 0.00816611 0.00791556 
0.00799393 0.00856297 0.00730226 0.00900874 0.0131411 0.00832293 0.00831962 
0.00809035 0.00820168 0.00630094 0.00980891 0.012828 0.00796726 0.00785238 
0.00792036 0.00838819 0.00763443 0.00669607 0.0130607 0.00852869 0.00806149 
0.00823309 0.00669753 0.00664377 0.00750976 0.0107091 0.00829507 0.00827466 
0.00813063 0.00648304 0.00624733 0.00921803 0.0132559 0.00809238 0.00777761 
0.00779881 0.0099815 0.00815408 0.0131136 0.0079281 0.00837621 0.00794098 
0.00838967 0.00810273 0.00830277 0.00781967 0.00835667 0.00817687 0.00840379 
0.00784547 0.00846709 0.00787465 0.00824394 0.0083026 0.00847276 0.00817443 
0.00808761 0.00795534 0.00827068 0.00804216 0.0081481 0.00809556 0.00804427 
0.00790964 0.00800055 0.00843036 0.00798188 0.00874608 0.00801943 0.00796495 
0.00798031 0.00803114 0.00810856 0.0079228 0.00794855 0.00819472 0.00781028 
0.0081476 0.00794379 0.00811009 0.00816673 0.00829424 0.00793555 0.00809573 
0.00818358 0.00835299 0.00746467 0.00759574 0.00757595 0.00779682 0.00776991 
0.007595 0.00755144 0.00755509 0.00745312 0.00769659 0.00762166 0.00767676 
0.00752739 0.00778883 0.00758605 0.00773791 0.00750495 0.00761176 0.00756217 
0.00760183 0.00767577 0.00742894 0.00753848 0.00759856 0.00750735 0.00745717 
