0.00930666
0.00907152
0.00878553
0.009339
0.00858915
0.00898413
0.00923379
0.00885609
0.0089763
0.00886818
0.00880815
0.00863163
0.00936099
0.00868065
0.00874488
0.00883671
0.00904578
0.0090804
0.00872706
0.00933465
0.00882549
0.00907545
0.00877674
0.00902955
0.00863562
0.00918399
0.00857436
0.00880575
0.00933813
0.00893829
0.00894615
0.00857157
0.00931539
0.00911466
0.00915099
0.00911163
0.0093648
0.00890265
0.00935736
0.00872553
0.00893898
0.00862998
0.00927513
0.00877629
0.00898929
0.00885381
0.00851685
0.00901578
0.00904704
0.00857052
0.00900714
0.00847386
