1.37 1.37 1.37 1.37 1.37 1.37 1.37 
1.37 1.37 1.37 1.37 1.37 1.37 1.37 
1.37 1.37 1.37 1.37 1.37 1.37 1.37 
1.37 1.37 1.37 1.37 1.37 1.37 1.37 
1.37 1.37 1.37 1.37 1.37 1.37 1.37 
1.37 1.37 1.37 1.37 1.37 1.37 1.37 
1.37 1.37 1.37 1.37 1.37 1.37 1.37 
1.37 1.37 1.37 1.37 1.37 1.37 1.37 
1.37 1.37 1.37 1.37 1.37 1.37 1.37 
1.37 2.00118 1.38446 1.44909 1.37 1.37 1.37 
1.37 1.50775 1.4979 1.07733 1.373 1.37 1.37 
1.37 1.37 1.17289 1.20812 1.80088 1.37 1.37 
1.37 1.29597 1.02001 0.99981 0.929796 1.37 1.37 
1.37 1.34755 1.24046 0.885335 0.879713 1.37 1.37 
1.37 1.05047 1.21126 0.995785 0.811777 1.37 1.37 
1.37 0.979722 1.37 1.37 2.61202 1.37 1.37 
1.37 1.37 1.37 1.37 1.37 1.37 1.37 
1.37 1.37 1.37 1.37 1.37 1.37 1.37 
1.37 1.37 1.37 1.37 1.37 1.37 1.37 
1.37 1.37 1.37 1.37 1.37 1.37 1.37 
1.37 1.37 1.37 1.37 1.37 1.37 1.37 
1.37 1.37 1.37 1.37 1.37 1.37 1.37 
1.37 1.37 1.37 1.37 1.37 1.37 1.37 
1.37 1.37 1.37 1.37 1.37 1.37 1.37 
1.37 1.37 1.37 1.37 1.37 1.37 1.37 
1.37 1.37 1.37 1.37 1.37 1.37 1.37 
1.37 1.37 1.37 1.37 1.37 1.37 1.37 
