1.38 1.38 1.38 1.38 1.38 1.38 1.38 
1.38 1.38 1.38 1.38 1.38 1.38 1.38 
1.38 1.38 1.38 1.38 1.38 1.38 1.38 
1.38 1.38 1.38 1.38 1.38 1.38 1.38 
1.38 1.51045 2.05163 1.38 1.38 1.38 1.38 
1.38 1.12869 1.18594 2.476 1.38 1.38 1.38 
1.38 1.47826 1.47115 1.38108 2.70754 1.38 1.38 
1.441 1.3521 1.07396 1.39367 2.3832 1.38 1.38 
1.38 1.65859 1.04945 1.33038 2.55141 1.38 1.38 
1.38 0.794953 1.2553 1.09438 1.06141 1.38 1.38 
1.64492 1.28099 1.27251 1.19891 1.06985 1.42159 1.38 
1.09485 1.17136 1.35672 1.26224 1.27426 1.03679 1.38 
0.705046 1.14287 1.31366 1.19999 1.11681 1.26353 1.38 
1.38 1.56037 1.24025 1.24596 1.24891 1.32493 1.38 
1.38 1.26923 1.10869 1.03194 1.08475 1.07093 1.38 
1.38 1.08925 0.921594 1.17097 1.01329 1.05677 1.38 
1.38 1.44229 1.24623 1.53397 1.56542 1.67599 1.38 
1.38 1.38 1.38 1.38 1.38 1.38 1.38 
1.38 1.38 1.38 1.38 1.38 1.38 1.38 
1.38 1.38 1.38 1.38 1.38 1.38 1.38 
1.38 1.38 1.38 1.38 1.38 1.38 1.38 
1.38 1.38 1.38 1.38 1.38 1.38 1.38 
1.38 1.38 1.38 1.38 1.38 1.38 1.38 
1.38 1.38 1.38 1.38 1.38 1.38 1.38 
1.38 1.38 1.38 1.38 1.38 1.38 1.38 
1.38 1.38 1.38 1.38 1.38 1.38 1.38 
1.38 1.38 1.38 1.38 1.38 1.38 1.38 
