0.00930666 0.00907152 
0.00878553 0.009339 
0.00858915 0.00898413 
0.00923379 0.00885609 
0.0089763 0.00886818 
0.00880815 0.00863163 
0.00936099 0.00868065 
0.00874488 0.00883671 
0.0116371 0.0090804 
0.0113971 0.0118232 
0.0104275 0.0116731 
0.0108123 0.0122015 
0.0107833 0.0125118 
0.0101975 0.0115412 
0.0114918 0.0135186 
0.0113157 0.0118465 
0.0131692 0.0130729 
0.0127079 0.0119017 
0.0117403 0.0134223 
0.0114082 0.0120665 
0.0116276 0.0115963 
0.011153 0.00972107 
0.00898929 0.00885381 
0.00851685 0.00901578 
0.00904704 0.00857052 
0.00900714 0.00847386 
