0.00573135 0.00578469 0.00581214 0.00615348 0.00612474 0.00611934 0.00569469 
0.00594531 0.00595449 0.00575226 0.00575022 0.00575211 0.00587685 0.00590514 
0.00585585 0.00563235 0.00614292 0.00619599 0.0060534 0.00629133 0.00595644 
0.00573414 0.00615102 0.00565395 0.00608316 0.00546924 0.00540633 0.00572949 
0.00597906 0.00591633 0.00558525 0.0058764 0.00594288 0.00565341 0.0060297 
0.00581193 0.00583092 0.00569889 0.00590202 0.00596208 0.0057174 0.00582846 
0.00624231 0.0062949 0.00624426 0.00601551 0.00638847 0.00612453 0.00620958 
0.00577872 0.00622842 0.00627459 0.00575289 0.0061956 0.00647829 0.00596568 
0.00571419 0.00599562 0.00566424 0.00596283 0.00606123 0.00570261 0.00600432 
0.00600138 0.00576648 0.00588312 0.00576549 0.00573174 0.00565518 0.00582117 
0.00602481 0.00598986 0.00597507 0.00597282 0.00589755 0.00591747 0.00573591 
0.0057927 0.00604023 0.00579111 0.00605139 0.0062097 0.00603111 0.00602871 
0.00586257 0.00613341 0.00592242 0.00585072 0.00574542 0.00577338 0.00569013 
0.00573939 0.00559323 0.00588486 0.00581451 0.00582921 0.00618021 0.00584166 
0.00596601 0.00578544 0.0047106 0.00948228 0.00593736 0.00601092 0.00599613 
0.00589176 0.00561814 0.00516589 0.00611733 0.00580719 0.00586404 0.00563595 
0.00565131 0.00244781 0.00636462 0.0057729 0.005745 0.00606972 0.00575433 
0.00607947 0.00542201 0.00604243 0.00566643 0.00605556 0.00592527 0.0060897 
0.00568512 0.00613557 0.00570627 0.00597387 0.00601638 0.00613968 0.0059235 
0.00586059 0.00576474 0.00599325 0.00582765 0.00590442 0.00586635 0.00582918 
0.00573162 0.0057975 0.00610896 0.00578397 0.00633774 0.00581118 0.0057717 
0.00578283 0.00581967 0.00587577 0.00574116 0.00575982 0.0059382 0.00565962 
0.00590406 0.00575637 0.00587688 0.00591792 0.00601032 0.0057504 0.00586647 
0.00593013 0.00605289 0.00540918 0.00550416 0.00548982 0.00564987 0.00563037 
0.00550362 0.00547206 0.0054747 0.00540081 0.00557724 0.00552294 0.00556287 
0.00545463 0.00564408 0.00549714 0.00560718 0.00543837 0.00551577 0.00547983 
0.00550857 0.00556215 0.00538329 0.00546267 0.0055062 0.00544011 0.00540375 
