1.28 1.28 1.28 1.28 1.28 1.28 1.28 
1.28 1.28 1.28 1.28 1.28 1.28 1.28 
1.28 1.28 1.28 1.28 1.28 1.28 1.28 
1.28 1.28 1.28 1.28 1.28 1.28 1.28 
1.28 1.28 1.28 1.28 1.28 1.28 1.28 
1.28 2.46406 2.7974 1.28 1.28 1.28 1.28 
1.28 1.65675 1.39344 1.78006 2.81004 1.28 1.28 
1.28 1.29753 1.06182 1.39505 2.97545 1.28 1.28 
1.28 1.55491 1.26682 1.67756 1.28 1.28 1.28 
1.28 0.870673 1.12631 1.44775 2.76403 1.28 1.28 
1.28 1.35267 1.23178 1.55254 2.56211 1.28 1.28 
1.28 1.28014 1.22792 1.10726 1.50987 1.28 1.28 
1.28 1.29121 1.16374 1.15681 1.47213 1.28 1.28 
1.28 1.55128 1.19597 1.42066 2.60579 1.28 1.28 
1.28 1.26635 1.12712 1.27643 2.01503 1.28 1.28 
1.28 1.18304 0.913723 1.42905 1.92972 1.28 1.28 
1.28 1.28 0.896416 1.36894 2.53465 1.28 1.28 
1.28 1.28 1.28 1.28 1.28 1.28 1.28 
1.28 1.28 1.28 1.28 1.28 1.28 1.28 
1.28 1.28 1.28 1.28 1.28 1.28 1.28 
1.28 1.28 1.28 1.28 1.28 1.28 1.28 
1.28 1.28 1.28 1.28 1.28 1.28 1.28 
1.28 1.28 1.28 1.28 1.28 1.28 1.28 
1.28 1.28 1.28 1.28 1.28 1.28 1.28 
1.28 1.28 1.28 1.28 1.28 1.28 1.28 
1.28 1.28 1.28 1.28 1.28 1.28 1.28 
1.28 1.28 1.28 1.28 1.28 1.28 1.28 
