0.0128432 0.0125187 
0.012124 0.0128878 
0.011853 0.0123981 
0.0127426 0.0122214 
0.0123873 0.0122381 
0.0311519 0.0119116 
0.0139303 0.0119793 
0.0117022 0.0121947 
0.0124832 0.012531 
0.0127645 0.0128818 
0.0126896 0.0125241 
0.0140615 0.0124608 
0.0168222 0.0126739 
0.0150515 0.0121519 
0.0151981 0.0123348 
0.0132344 0.0118288 
0.0128552 0.0125782 
0.0126284 0.012574 
0.0129234 0.0122857 
0.0129132 0.0120412 
0.0123358 0.0119094 
0.0127997 0.0121113 
0.0124052 0.0122183 
0.0117533 0.0124418 
0.0124849 0.0118273 
0.0124299 0.0116939 
