0.0119125 0.0116115 
0.0112455 0.0119539 
0.0109941 0.0114997 
0.0118193 0.0113358 
0.0114897 0.0113513 
0.0112744 0.0110485 
0.0119821 0.0111112 
0.0111934 0.011311 
0.0109648 0.0116229 
0.011468 0.0117521 
0.0104002 0.0112073 
0.0107672 0.0116745 
0.0111195 0.0123435 
0.0102043 0.0111137 
0.0114498 0.0144511 
0.0126477 0.0125955 
0.0127181 0.0128856 
0.0129461 0.0120878 
0.0125465 0.0141746 
0.012681 0.0131418 
0.0134568 0.0133529 
0.0132368 0.0125329 
0.0115063 0.0113329 
0.0109016 0.0115402 
0.0115802 0.0109703 
0.0115291 0.0108465 
