0.00632757 0.0129407 0.0142753 0.0347325 0.0114837 0.0133015 0.0132648 
0.011227 0.0129034 0.013556 0.0129218 0.0139426 0.0126424 0.0129769 
0.0111808 0.0130004 0.0115721 0.0121169 0.0120085 0.0118545 0.0121044 
0.0122097 0.0117937 0.0132417 0.0122089 0.0131795 0.0126097 0.0127141 
0.0120191 0.011861 0.0130083 0.0115105 0.0124738 0.0124208 0.0127759 
0.0104556 0.0119194 0.0115246 0.0124076 0.0134638 0.0122977 0.0118181 
0.0111259 0.01265 0.0118074 0.0120146 0.0115238 0.0120959 0.0123697 
0.011913 0.0100583 0.01046 0.0116662 0.0116605 0.0124535 0.0114251 
0.0120703 0.0126638 0.0121105 0.0114953 0.0128258 0.0128204 0.0124411 
0.0094846 0.0121644 0.00964575 0.0109707 0.0134202 0.0118447 0.0123994 
0.0119937 0.0111958 0.012097 0.0115115 0.0120566 0.0117054 0.0118877 
0.0114217 0.0120178 0.0127367 0.0106155 0.0121002 0.0114915 0.0126211 
0.010289 0.0127624 0.010243 0.0096701 0.0118007 0.0122083 0.0124906 
0.0107871 0.0125569 0.0108935 0.0118634 0.0114909 0.0123273 0.0117479 
0.0090928 0.0111711 0.0108607 0.0101312 0.0104841 0.00973782 0.0114873 
0.00943868 0.00985604 0.0101361 0.0119325 0.0101821 0.0104797 0.0109942 
0.00919523 0.0118497 0.00996938 0.0113669 0.0127167 0.0115842 0.0111616 
0.00964708 0.0112522 0.0106317 0.0101909 0.00977745 0.0126313 0.0107445 
0.00951726 0.0099271 0.0105081 0.0107263 0.0113551 0.0107733 0.0104476 
0.00603614 0.0103892 0.00831797 0.00960338 0.00884341 0.0108179 0.010376 
0.00330491 0.00535594 0.00560663 0.00594703 0.00671577 0.00780571 0.0143466 
0.0141255 0.0143345 0.0146028 0.0143575 0.0142924 0.0146007 0.0137539 
0.0145789 0.0144577 0.0146451 0.0143839 0.0147011 0.014244 0.0143272 
0.0145747 0.0149814 0.0135397 0.0138072 0.0137914 0.0139706 0.0138463 
0.0139226 0.0137904 0.0137101 0.013673 0.0136015 0.0136858 0.0134505 
0.0138674 0.0138342 0.0139023 0.0141331 0.0137059 0.0138584 0.013422 
0.0140334 0.0141565 0.013895 0.0139223 0.0138189 0.0139237 0.0135934 
