0.00750807 0.00757794 0.0076139 0.00806106 0.00802341 0.00801634 0.00746004 
0.00778836 0.00780038 0.00753546 0.00753279 0.00753526 0.00769867 0.00773573 
0.00767116 0.00737838 0.00804723 0.00811675 0.00792995 0.00824164 0.00780294 
0.00751172 0.00805784 0.00740667 0.00796894 0.0071647 0.00708229 0.00750563 
0.00783257 0.00775039 0.00731668 0.00769808 0.00778517 0.00740597 0.00789891 
0.00761363 0.00763851 0.00746555 0.00773165 0.00781032 0.00748979 0.00763528 
0.00817743 0.00824632 0.00817998 0.00788032 0.0083689 0.00802313 0.00813455 
0.00757012 0.00815923 0.00821971 0.00753629 0.00811624 0.00848656 0.00781504 
0.00748559 0.00785426 0.00742015 0.00781131 0.00794021 0.00747042 0.00786566 
0.00786181 0.00755409 0.00770689 0.00755279 0.00750858 0.00740829 0.00762573 
0.0078925 0.00784672 0.00782734 0.00782439 0.00772579 0.00775189 0.00751404 
0.00758844 0.0079127 0.00758635 0.00792732 0.00813471 0.00790075 0.00789761 
0.00767997 0.00803477 0.00775837 0.00766444 0.0075265 0.00756313 0.00745407 
0.0075186 0.00732713 0.00770917 0.00761701 0.00763627 0.00809608 0.00765257 
0.00781547 0.00757893 0.00534937 0.0100172 0.00777794 0.00787431 0.00785493 
0.00771821 0.00772788 0.00740956 0.0080137 0.00760742 0.00768189 0.00738309 
0.00740322 0.00773727 0.00833765 0.0075625 0.00752595 0.00795133 0.00753817 
0.00796411 0.00801155 0.00805964 0.00742302 0.00793278 0.0077621 0.00797751 
0.00744751 0.0080376 0.00747521 0.00782577 0.00788146 0.00804298 0.00775978 
0.00767737 0.00755181 0.00785116 0.00763422 0.00773479 0.00768492 0.00763623 
0.00750842 0.00759473 0.00800274 0.007577 0.00830244 0.00761265 0.00756093 
0.00757551 0.00762377 0.00769726 0.00752092 0.00754536 0.00777904 0.0074141 
0.00773432 0.00754084 0.00769871 0.00775248 0.00787352 0.00753302 0.00768508 
0.00776847 0.00792929 0.00708603 0.00721045 0.00719166 0.00740133 0.00737578 
0.00720974 0.0071684 0.00717186 0.00707506 0.00730618 0.00723505 0.00728736 
0.00714557 0.00739374 0.00720125 0.00734541 0.00712426 0.00722566 0.00717858 
0.00721623 0.00728642 0.00705211 0.0071561 0.00721312 0.00712654 0.00707891 
