1.21 1.21 1.21 1.21 1.21 1.21 1.21 
1.21 1.21 1.21 1.21 1.21 1.21 1.21 
1.21 1.21 1.21 1.21 1.21 1.21 1.21 
1.21 1.21 1.21 1.21 1.21 1.21 1.21 
1.21 1.21 1.21 1.21 1.21 1.21 1.21 
1.21 1.21 1.21 1.21 1.21 1.21 1.21 
1.21 1.21 1.21 1.21 1.21 1.21 1.21 
1.21 1.21 1.21 1.21 1.21 1.21 1.21 
1.21 1.32941 1.21 1.21 1.21 1.21 1.21 
1.14118 1.24036 1.12317 1.25347 1.35949 1.43481 1.21 
1.1482 1.31463 1.39247 1.14759 1.18919 1.33315 1.21 
1.21331 1.25172 1.29178 1.20653 1.1924 1.22018 1.21 
1.24605 1.21148 1.17383 1.33691 1.24025 1.22574 1.21 
1.21 1.42823 1.27879 1.0631 1.23432 1.25024 1.21 
0.987656 1.10577 1.19813 1.04983 1.10858 1.02888 1.16519 
0.977906 1.03828 1.12057 1.14803 1.10495 1.09503 1.15183 
0.992933 1.20032 1.06495 1.20642 1.23975 1.21511 1.21 
0.974331 1.20339 1.13182 1.07336 1.03332 1.34024 1.21 
1.10093 1.10402 1.25204 1.11686 1.2315 1.20384 1.21 
1.21 1.38071 1.02041 1.19372 1.0969 1.2713 1.21 
1.21 1.26999 1.05989 1.07337 1.11479 1.27034 1.21 
1.21 1.21615 1.1285 1.05248 1.04716 1.32913 1.21 
1.21 1.21692 1.07555 1.18408 1.79366 1.21 1.21 
1.21 1.21 1.21 1.21 1.21 1.21 1.21 
1.21 1.21 1.21 1.21 1.21 1.21 1.21 
1.21 1.21 1.21 1.21 1.21 1.21 1.21 
1.21 1.21 1.21 1.21 1.21 1.21 1.21 
