0.0118195 0.0115208 
0.0111576 0.0118605 
0.0109082 0.0114098 
0.0117269 0.0112472 
0.0113999 0.0112626 
0.0111864 0.0109622 
0.0118885 0.0110244 
0.011106 0.0112226 
0.0113266 0.0115321 
0.0117347 0.0116468 
0.0105478 0.0113448 
0.0108668 0.0116221 
0.0117611 0.0120707 
0.0108596 0.011148 
0.0123025 0.0143488 
0.0130138 0.0126085 
0.0128668 0.0122552 
0.0131703 0.011786 
0.0127539 0.0140734 
0.0128297 0.0130571 
0.0140856 0.0131368 
0.0137771 0.0122571 
0.0114164 0.0112443 
0.0108164 0.01145 
0.0114897 0.0108846 
0.0114391 0.0107618 
