1 1 1 1 1 1 1 
1 1 1 1 1 1 1 
1 1 1 1 1 1 1 
1 1 1 1 1 1 1 
1 1 1 1 1 1 1 
1 1 1 1 1 1 1 
1 1 1 1 1 1 1 
1 1 1 1 1 1 1 
1.26142 1.46793 1.5012 1.49601 1 1 1 
1.1883 1.28204 1.37461 1.28573 1.29988 1.28981 1 
1.22734 1.40486 1.34206 1.35441 1.3778 1.34488 1.06521 
1.14991 1.33508 1.3725 1.32198 1.40118 1.13165 0.916913 
1.04493 1.28256 1.44529 1.38098 1.3029 1.24963 1.02035 
1.40064 1.51731 1.38569 1.37394 1.41573 1.31402 1.11192 
1.1982 1.38832 1.34568 1.2453 1.30601 1.21122 1.08171 
1.10011 1.20354 1.21452 1.32674 1.27253 1.22316 0.934815 
1.13082 1.32108 1.2324 1.41959 1.375 1.31672 1.11473 
1.0487 1.28685 1.28053 1.21382 1.2456 1.32701 1.20409 
1.14445 1.18722 1.33428 1.26904 1.38369 1.26059 1.00765 
1.11037 1.38895 1.20774 1.30511 1.24117 1.32387 1.08958 
1.17025 1.31865 1.27122 1.26901 1.32291 1.36653 1.18309 
1.09152 1.26419 1.23788 1.22539 1.26514 1.2343 0.927534 
1.05352 1.27085 1.34148 1.11815 1.29837 1.2733 1.21789 
1.04943 1.23509 1.31906 1.30536 1.36009 1.26129 1.09102 
1 0.876456 1 1 1 1.28671 1 
1 1 1 1 1 1 1 
1 1 1 1 1 1 1 
