0.00745075 0.0075201 0.00755578 0.00799952 0.00796216 0.00795514 0.0074031 
0.0077289 0.00774084 0.00747794 0.00747529 0.00747774 0.00763991 0.00767668 
0.00761261 0.00732206 0.0079858 0.00805479 0.00786942 0.00817873 0.00774337 
0.00745438 0.00799633 0.00735013 0.00790811 0.00711001 0.00702823 0.00744834 
0.00777278 0.00769123 0.00726083 0.00763932 0.00772574 0.00734943 0.00783861 
0.00755551 0.0075802 0.00740856 0.00767263 0.0077507 0.00743262 0.007577 
0.008115 0.00818337 0.00811754 0.00782016 0.00830501 0.00796189 0.00807245 
0.00751234 0.00809695 0.00815697 0.00747876 0.00805428 0.00842178 0.00775538 
0.00742845 0.0157676 0.0133754 0.00775168 0.0078796 0.00741339 0.00780562 
0.0113742 0.0101848 0.011789 0.0108629 0.00986291 0.00947507 0.00756752 
0.00978036 0.0129133 0.0113579 0.0113586 0.011616 0.0117355 0.00790117 
0.00846479 0.0116152 0.011752 0.0115939 0.0125793 0.00752843 0.00518239 
0.00652427 0.0106824 0.0137772 0.0120445 0.0105076 0.0091619 0.00836421 
0.0123476 0.0138168 0.0123605 0.0126196 0.0119637 0.0116997 0.00759416 
0.00984333 0.0123601 0.0116432 0.0100337 0.0108874 0.00964494 0.00813352 
0.00811935 0.00921423 0.00942986 0.011547 0.0104425 0.00969308 0.00541149 
0.00811085 0.0118127 0.0115863 0.0131521 0.0120612 0.0115302 0.00801902 
0.00814343 0.0104113 0.0107039 0.00922886 0.0105067 0.0112218 0.00983532 
0.00870322 0.0101513 0.0112598 0.0108311 0.0126114 0.0106688 0.00781061 
0.00881087 0.0120408 0.0104921 0.0111071 0.0102865 0.0114838 0.00757793 
0.00964616 0.0110424 0.0113091 0.0105661 0.011803 0.0131011 0.00750321 
0.00808711 0.0107756 0.0105413 0.00973599 0.0103924 0.0110309 0.00735751 
0.0108537 0.0104257 0.0119379 0.010026 0.0117019 0.0116362 0.00762641 
0.00770917 0.0132989 0.010837 0.0111785 0.0127634 0.0152571 0.00731948 
0.00715471 0.00711368 0.00711711 0.00702105 0.00725041 0.00717982 0.00723173 
0.00709102 0.0073373 0.00714628 0.00728933 0.00706988 0.0071705 0.00712378 
0.00716114 0.00723079 0.00699828 0.00710147 0.00715806 0.00707214 0.00702487 
