0.00733613 0.0074044 0.00743954 0.00787645 0.00783967 0.00783276 0.0072892 
0.00761 0.00762175 0.00736289 0.00736028 0.0073627 0.00752237 0.00755858 
0.00749549 0.00720941 0.00786294 0.00793087 0.00774835 0.0080529 0.00762424 
0.0073397 0.00787331 0.00723706 0.00778644 0.00700063 0.0069201 0.00733375 
0.0076532 0.0075729 0.00714912 0.00752179 0.00760689 0.00723636 0.00771802 
0.00743927 0.0143678 0.0159421 0.00755459 0.00763146 0.00731827 0.00746043 
0.00799016 0.0104291 0.00870099 0.010708 0.0179518 0.0078394 0.00794826 
0.00739676 0.00808154 0.00666245 0.00802559 0.0184347 0.00829221 0.00763607 
0.00731416 0.00932263 0.00717558 0.010003 0.00775837 0.00729934 0.00768553 
0.00768177 0.00502072 0.0066262 0.00834701 0.0158427 0.00723863 0.0074511 
0.00771176 0.00810229 0.00735995 0.00927303 0.0151102 0.00757436 0.00734196 
0.00741466 0.00773235 0.00711102 0.00670045 0.00937586 0.00771982 0.00771675 
0.00750409 0.00791951 0.00689216 0.00676819 0.00845801 0.00738993 0.00728337 
0.00734642 0.00867668 0.00703813 0.00826044 0.0151897 0.00791067 0.00747732 
0.00763649 0.0073264 0.00645852 0.00740026 0.011964 0.00769398 0.00767505 
0.00754145 0.00680385 0.0052421 0.00874196 0.0112062 0.00750597 0.00721402 
0.00723368 0.00756008 0.00570535 0.00790277 0.0145616 0.00776924 0.00736554 
0.00778172 0.00751557 0.00770112 0.00725303 0.00775112 0.00758435 0.00779482 
0.00727695 0.00785353 0.00730403 0.00764655 0.00770097 0.00785879 0.00758208 
0.00750156 0.00737887 0.00767136 0.00745939 0.00755766 0.00750893 0.00746135 
0.00733647 0.0074208 0.00781947 0.00740348 0.00811231 0.00743831 0.00738778 
0.00740202 0.00744918 0.00752099 0.00734868 0.00737257 0.0076009 0.00724431 
0.0075572 0.00736815 0.00752241 0.00757494 0.00769321 0.00736051 0.00750908 
0.00759057 0.0077477 0.00692375 0.00704532 0.00702697 0.00723183 0.00720687 
0.00704463 0.00700424 0.00700762 0.00691304 0.00713887 0.00706936 0.00712047 
0.00698193 0.00722442 0.00703634 0.00717719 0.00696111 0.00706019 0.00701418 
0.00705097 0.00711955 0.00689061 0.00699222 0.00704794 0.00696334 0.0069168 
