0.00733613 0.0074044 0.00743954 0.00787645 0.00783967 0.00783276 0.0072892 
0.00761 0.00762175 0.00736289 0.00736028 0.0073627 0.00752237 0.00755858 
0.00749549 0.00720941 0.00786294 0.00793087 0.00774835 0.0080529 0.00762424 
0.0073397 0.00787331 0.00723706 0.00778644 0.00700063 0.0069201 0.00733375 
0.0076532 0.0075729 0.00714912 0.00752179 0.00760689 0.00723636 0.00771802 
0.00743927 0.00746358 0.00729458 0.00755459 0.00763146 0.00731827 0.00746043 
0.00799016 0.00805747 0.00799265 0.00769985 0.00817724 0.0078394 0.00794826 
0.00739676 0.00797238 0.00803148 0.0073637 0.00793037 0.00829221 0.00763607 
0.00731416 0.00914506 0.00737492 0.00763242 0.00775837 0.00729934 0.00768553 
0.00687459 0.00686371 0.00770562 0.00744585 0.00765235 0.00709467 0.0074511 
0.00672891 0.00782592 0.00742084 0.00765812 0.00773134 0.00783831 0.00734196 
0.00615598 0.0075253 0.00739816 0.00733856 0.00832731 0.00657118 0.00481641 
0.00490281 0.0073436 0.00787942 0.00734107 0.00680629 0.00674436 0.00503067 
0.00741737 0.00796213 0.00736136 0.00727196 0.0076765 0.0078652 0.00747732 
0.00623504 0.00718194 0.0067636 0.00631363 0.00692328 0.0063373 0.00570409 
0.0054763 0.00616123 0.00609165 0.00735119 0.00648699 0.00625391 0.00434837 
0.00476266 0.00686483 0.00688978 0.00719883 0.00698739 0.00719934 0.00582735 
0.00569617 0.00684103 0.00691474 0.00621722 0.00660008 0.00708774 0.00648673 
0.00560329 0.00641489 0.00699317 0.00678282 0.00757532 0.00685959 0.00570771 
0.00579264 0.00737315 0.0063946 0.00690172 0.00654318 0.00737797 0.00746135 
0.00606079 0.00703902 0.00698465 0.00655275 0.00765061 0.00766318 0.00738778 
0.00559022 0.00668175 0.00657502 0.0063894 0.00662313 0.00701706 0.00724431 
0.0064941 0.00653726 0.00691623 0.00576842 0.00713102 0.00688169 0.00750908 
0.00759057 0.00766337 0.0066128 0.00679591 0.00737753 0.00833456 0.00720687 
0.00704463 0.00700424 0.00700762 0.00691304 0.00713887 0.00706936 0.00712047 
0.00698193 0.00722442 0.00703634 0.00717719 0.00696111 0.00706019 0.00701418 
0.00705097 0.00711955 0.00689061 0.00699222 0.00704794 0.00696334 0.0069168 
