0.0121917 0.0118837 
0.011509 0.0122341 
0.0112518 0.0117692 
0.0120963 0.0116015 
0.011759 0.0116173 
0.0115387 0.0113074 
0.0122629 0.0113717 
0.0114558 0.0115761 
0.01185 0.0118953 
0.0114324 0.0122284 
0.0115614 0.0118888 
0.0114975 0.0118287 
0.0113127 0.012031 
0.0313421 0.0115355 
0.0233803 0.0117092 
0.0117195 0.0112288 
0.0288161 0.0119402 
0.0119878 0.0119362 
0.0122679 0.0116625 
0.0122581 0.0114304 
0.0117101 0.0113053 
0.0121504 0.0114969 
0.011776 0.0115985 
0.0111571 0.0118107 
0.0118516 0.0112274 
0.0117994 0.0111008 
