1.27 1.27 1.27 1.27 1.27 1.27 1.27 
1.27 1.27 1.27 1.27 1.27 1.27 1.27 
1.27 1.27 1.27 1.27 1.27 1.27 1.27 
1.27 1.27 1.27 1.27 1.27 1.27 1.27 
1.27 1.27 1.27 1.27 1.27 1.27 1.27 
1.27 1.27 1.27 1.27 1.27 1.27 1.27 
1.27 1.27 1.27 1.27 1.27 1.27 1.27 
1.27 1.27 1.27 1.27 1.27 1.27 1.27 
1.27 1.48099 1.2647 1.78757 1.27 1.27 1.27 
1.23811 1.21939 1.22078 1.24417 1.39716 1.38257 1.27 
1.20591 1.31475 1.31283 1.2527 1.3103 1.33807 1.27 
1.1182 1.25177 1.29968 1.23706 1.29429 1.15189 1.09413 
1.16028 1.24141 1.24132 1.30441 1.18768 1.22743 1.03129 
1.37054 1.42788 1.29813 1.19577 1.33262 1.23381 1.24433 
1.02223 1.16799 1.17972 1.05043 1.13117 1.03156 1.06453 
0.867861 1.06705 1.00285 1.20618 1.1093 1.07565 1.01154 
0.990852 1.16896 1.08489 1.24111 1.24759 1.18684 1.05331 
1.00967 1.1665 1.12345 1.07878 1.08179 1.23168 1.06125 
1.02314 1.05398 1.23261 1.13349 1.24185 1.12114 1.15492 
1.05967 1.30505 1.01064 1.16773 1.06876 1.27518 1.27 
1.27 1.28527 1.1204 1.08622 1.18812 1.33575 1.27 
1.27 1.24674 1.13338 1.12123 1.14764 1.12881 1.26044 
1.27 1.21973 1.15941 0.980889 1.18029 1.22238 1.27 
1.27 1.2497 1.24658 1.21743 1.4077 1.50495 1.27 
1.27 1.27 1.27 1.27 1.27 1.27 1.27 
1.27 1.27 1.27 1.27 1.27 1.27 1.27 
1.27 1.27 1.27 1.27 1.27 1.27 1.27 
