0.00573135 0.00578469 0.00581214 0.00615348 0.00612474 0.00611934 0.00569469 
0.00594531 0.00595449 0.00575226 0.00575022 0.00575211 0.00587685 0.00590514 
0.00585585 0.00563235 0.00614292 0.00619599 0.0060534 0.00629133 0.00595644 
0.00573414 0.00615102 0.00565395 0.00608316 0.00546924 0.00540633 0.00572949 
0.00597906 0.00591633 0.00558525 0.0058764 0.00594288 0.00565341 0.0060297 
0.00581193 0.00583092 0.00569889 0.00590202 0.00596208 0.0057174 0.00582846 
0.00624231 0.0062949 0.00624426 0.00601551 0.00638847 0.00612453 0.00620958 
0.00577872 0.00622842 0.00627459 0.00575289 0.0061956 0.00647829 0.00596568 
0.00571419 0.00896838 0.00732232 0.00596283 0.00606123 0.00570261 0.00600432 
0.00664313 0.00680755 0.00766362 0.00723508 0.00729883 0.00690957 0.00582117 
0.00676215 0.00783453 0.0074131 0.0076571 0.00771095 0.00739916 0.00541037 
0.00603598 0.007484 0.0074032 0.00739079 0.00830778 0.00653739 0.00457603 
0.0047296 0.00732522 0.00786387 0.00733365 0.0068233 0.00674315 0.00455386 
0.00725637 0.00791061 0.00739927 0.0072315 0.00767551 0.00756078 0.0066131 
0.00622064 0.00719589 0.00678399 0.00637778 0.00698739 0.0064806 0.00542761 
0.00579498 0.00620367 0.00628008 0.00739714 0.00654765 0.00633828 0.00449511 
0.0045976 0.00688763 0.00683428 0.00717479 0.00696385 0.00720358 0.00544008 
0.00578674 0.00679926 0.00689513 0.0062269 0.00664314 0.00712464 0.00650593 
0.00555868 0.00645574 0.0069571 0.0067585 0.0075586 0.0069069 0.00561714 
0.00568 0.00734563 0.00644533 0.00688716 0.00656419 0.00735428 0.00582918 
0.00586937 0.00696012 0.00698681 0.00659355 0.0076544 0.00759691 0.0057717 
0.00552192 0.00669843 0.00652335 0.00636758 0.00656801 0.00658489 0.00696579 
0.00532704 0.00652073 0.0069748 0.00575301 0.00709833 0.00680066 0.00586647 
0.00574019 0.00721684 0.00682398 0.00688053 0.00712647 0.00808095 0.00563037 
0.00550362 0.00547206 0.0054747 0.00540081 0.00557724 0.00552294 0.00556287 
0.00545463 0.00564408 0.00549714 0.00560718 0.00543837 0.00551577 0.00547983 
0.00550857 0.00556215 0.00538329 0.00546267 0.0055062 0.00544011 0.00540375 
