0.0112611 0.0109765 
0.0106305 0.0113002 
0.0103929 0.0108708 
0.0111729 0.0107159 
0.0108613 0.0107305 
0.0106579 0.0104443 
0.0113268 0.0105036 
0.0105813 0.0106924 
0.0109454 0.0109873 
0.010457 0.0181786 
0.0102127 0.0126581 
0.0107945 0.0106623 
0.011607 0.0114965 
0.0101624 0.0106429 
0.011491 0.0118127 
0.011976 0.0107998 
0.0121704 0.0146742 
0.0142222 0.0192934 
0.0177312 0.020668 
0.0213579 0.0339641 
0.0108162 0.0104423 
0.0112229 0.0106193 
0.010877 0.0107131 
0.0103054 0.0109091 
0.0109469 0.0103703 
0.0108986 0.0102534 
