0.00573135 0.00578469 0.00581214 0.00615348 0.00612474 0.00611934 0.00569469 
0.00594531 0.00595449 0.00575226 0.00575022 0.00575211 0.00587685 0.00590514 
0.00585585 0.00563235 0.00614292 0.00619599 0.0060534 0.00629133 0.00595644 
0.00573414 0.00615102 0.00565395 0.00608316 0.00546924 0.00540633 0.00572949 
0.00597906 0.00591633 0.00558525 0.0058764 0.00594288 0.00565341 0.0060297 
0.00581193 0.00583092 0.00569889 0.00590202 0.00596208 0.0057174 0.00582846 
0.00624231 0.0062949 0.00624426 0.00601551 0.00638847 0.00612453 0.00620958 
0.00577872 0.00622842 0.00627459 0.00575289 0.0061956 0.00647829 0.00596568 
0.00720794 0.00880111 0.00850312 0.00892042 0.00606123 0.00570261 0.00600432 
0.00713146 0.00739289 0.00808697 0.00741282 0.00745056 0.00729405 0.00582117 
0.00739451 0.00841486 0.00801896 0.00808961 0.0081256 0.00795823 0.00610991 
0.00666106 0.00806423 0.00794828 0.00799984 0.00870085 0.00682507 0.0055278 
0.00612602 0.00786644 0.00855966 0.00807974 0.00748569 0.00721461 0.00580595 
0.00803883 0.00848666 0.00815461 0.00798879 0.00825261 0.00812092 0.00649542 
0.00714846 0.00803208 0.00771094 0.00721974 0.00775423 0.00728057 0.00648607 
0.00648158 0.00692179 0.00696774 0.00811606 0.00738987 0.0071727 0.00526857 
0.0063906 0.00780265 0.00784382 0.00819515 0.00789941 0.00799216 0.00641455 
0.0063756 0.00755575 0.00770429 0.006878 0.00754276 0.00786293 0.00733253 
0.00650635 0.00728425 0.00761375 0.00758112 0.0083248 0.00773958 0.00596881 
0.00650738 0.00800691 0.00723833 0.0076057 0.00732845 0.00776634 0.0063514 
0.00670744 0.00764483 0.00776583 0.00733996 0.00838432 0.00794113 0.00682844 
0.00631203 0.00735719 0.00727348 0.0070351 0.00728696 0.00732954 0.00524949 
0.00622003 0.0073155 0.00788372 0.00661713 0.00780368 0.00732204 0.00714475 
0.0062233 0.00747584 0.00713503 0.00718489 0.0074666 0.00712615 0.00614285 
0.00550362 0.00479602 0.0054747 0.00540081 0.00557724 0.00710638 0.00556287 
0.00545463 0.00564408 0.00549714 0.00560718 0.00543837 0.00551577 0.00547983 
0.00550857 0.00556215 0.00538329 0.00546267 0.0055062 0.00544011 0.00540375 
