0.00930666 0.00907152 
0.00878553 0.009339 
0.00858915 0.00898413 
0.00923379 0.00885609 
0.0089763 0.00886818 
0.00880815 0.00863163 
0.00936099 0.00868065 
0.00874488 0.00883671 
0.00938117 0.00633104 
0.0131031 0.0122493 
0.00846465 0.00912858 
0.00822379 0.0111288 
0.00945075 0.0130784 
0.0109824 0.0100348 
0.00918692 0.013882 
0.0115753 0.012166 
0.0138783 0.0143649 
0.0129121 0.0104545 
0.011242 0.0141703 
0.00998435 0.0134079 
0.0141541 0.0123549 
0.0109456 0.011643 
0.0149311 0.0149151 
0.00851685 0.00901578 
0.00904704 0.00857052 
0.00900714 0.00847386 
