0.456515 0.91585 1.00965 2.42917 0.82857 0.961411 1 
0.788865 0.925851 0.969183 0.930486 0.984826 0.845013 0.982153 
0.767251 0.931631 0.758071 0.799514 0.794891 0.76256 0.877808 
0.895146 0.763442 0.977852 0.803155 0.951195 0.955111 0.897583 
0.822288 0.79865 0.924231 0.784667 0.85521 0.88826 0.898568 
0.734478 0.827844 0.816273 0.844714 0.883851 0.875901 0.848353 
0.714396 0.828173 0.765147 0.805266 0.734434 0.790905 0.849642 
0.838683 0.647484 0.679423 0.80782 0.762119 0.812767 0.819687 
0.861711 0.846368 0.860821 0.775596 0.854101 0.913862 0.91009 
0.646037 0.858575 0.672947 0.771402 0.956243 0.838359 0.905797 
0.799054 0.753066 0.80054 0.795348 0.837709 0.796368 0.86652 
0.80097 0.800303 0.886269 0.711324 0.792456 0.773988 0.837629 
0.719744 0.839329 0.703309 0.659113 0.824494 0.872815 0.893314 
0.759815 0.911259 0.746679 0.828261 0.800096 0.806188 0.830657 
0.617344 0.780835 0.764375 0.701591 0.715576 0.652398 0.775158 
0.640388 0.688617 0.717462 0.786186 0.708756 0.716928 0.782301 
0.675831 0.810462 0.636777 0.790101 0.898839 0.772805 0.800916 
0.648504 0.776383 0.710811 0.731068 0.644097 0.857849 0.725597 
0.681874 0.655817 0.745035 0.72123 0.761996 0.707978 0.712638 
0.407047 0.720999 0.560023 0.663102 0.605017 0.744229 0.760329 
0.234251 0.371355 0.370613 0.414736 0.425531 0.548763 1 
1 1 1 1 1 1 1 
1 1 1 1 1 1 1 
1 1 1 1 1 1 1 
1 1 1 1 1 1 1 
1 1 1 1 1 1 1 
1 1 1 1 1 1 1 
