1.38 1.38 1.38 1.38 1.38 1.38 1.38 
1.38 1.38 1.38 1.38 1.38 1.38 1.38 
1.38 1.38 1.38 1.38 1.38 1.38 1.38 
1.38 1.38 1.38 1.38 1.38 1.38 1.38 
1.38 1.38 1.38 1.38 1.38 1.38 1.38 
1.38 1.10966 1.32688 1.38 1.38 1.38 1.38 
1.38 1.30211 1.2598 2.13152 1.38 1.38 1.38 
1.38 1.36985 1.04905 1.97271 1.38 1.38 1.38 
1.38 2.27152 1.82919 2.17862 1.38 1.38 1.38 
1.38 0.984748 0.987973 1.85396 1.38 1.38 1.38 
1.38 1.47661 1.54779 1.30747 2.61835 1.38 1.38 
1.38 1.41766 1.26094 1.48871 2.11622 1.38 1.38 
1.38 1.33721 1.06392 1.67654 2.23274 1.38 1.38 
1.38 1.4997 1.2973 1.15162 2.24055 1.38 1.38 
1.38 1.15766 1.15944 1.29531 1.80368 1.38 1.38 
1.38 1.12725 1.08893 1.50687 2.28267 1.38 1.38 
1.38 1.68997 1.28115 2.27158 1.38 1.38 1.38 
1.38 1.38 1.38 1.38 1.38 1.38 1.38 
1.38 1.38 1.38 1.38 1.38 1.38 1.38 
1.38 1.38 1.38 1.38 1.38 1.38 1.38 
1.38 1.38 1.38 1.38 1.38 1.38 1.38 
1.38 1.38 1.38 1.38 1.38 1.38 1.38 
1.38 1.38 1.38 1.38 1.38 1.38 1.38 
1.38 1.38 1.38 1.38 1.38 1.38 1.38 
1.38 1.38 1.38 1.38 1.38 1.38 1.38 
1.38 1.38 1.38 1.38 1.38 1.38 1.38 
1.38 1.38 1.38 1.38 1.38 1.38 1.38 
