0.0120987 0.011793 
0.0114212 0.0121407 
0.0111659 0.0116794 
0.0120039 0.0115129 
0.0116692 0.0115286 
0.0114506 0.0112211 
0.0121693 0.0112848 
0.0113683 0.0114877 
0.0110037 0.0118045 
0.0112126 0.0126218 
0.0100892 0.0108056 
0.0104062 0.0113484 
0.0104948 0.0119269 
0.00959401 0.0105561 
0.0107335 0.0131468 
0.0113357 0.0111647 
0.0123835 0.0124817 
0.0122919 0.0114093 
0.0118633 0.0131964 
0.0119792 0.0121733 
0.0124379 0.0124462 
0.0123446 0.017953 
0.0116861 0.01151 
0.0110719 0.0117205 
0.0117612 0.0111417 
0.0117093 0.011016 
