0.0112611 0.0109765 
0.0106305 0.0113002 
0.0103929 0.0108708 
0.0111729 0.0107159 
0.0108613 0.0107305 
0.0106579 0.0104443 
0.0113268 0.0105036 
0.0105813 0.0106924 
0.0108492 0.0109873 
0.0110355 0.0110772 
0.0100023 0.0108317 
0.0103174 0.0111162 
0.0107567 0.0115744 
0.00976946 0.0104046 
0.0112869 0.0132937 
0.0116839 0.0117659 
0.0121505 0.0116462 
0.0124789 0.0112415 
0.0120319 0.0130604 
0.0120976 0.0124122 
0.0132936 0.0124963 
0.0132102 0.0117413 
0.010877 0.0107131 
0.0103054 0.0109091 
0.0109469 0.0103703 
0.0108986 0.0102534 
