0.00693493 0.00699947 0.00703269 0.00744571 0.00741094 0.0074044 0.00689057 
0.00719383 0.00720493 0.00696023 0.00695777 0.00696005 0.00711099 0.00714522 
0.00708558 0.00681514 0.00743293 0.00749715 0.00732461 0.00761251 0.00720729 
0.00693831 0.00744273 0.00684128 0.00736062 0.00661778 0.00654166 0.00693268 
0.00723466 0.00715876 0.00675815 0.00711044 0.00719088 0.00684063 0.00729594 
0.00703244 0.00705541 0.00689566 0.00714144 0.00721412 0.00691805 0.00705244 
0.0075532 0.00761683 0.00755555 0.00727877 0.00773005 0.00741068 0.00751359 
0.00699225 0.00753639 0.00759225 0.006961 0.00749668 0.00783873 0.00721847 
0.00691417 0.00842854 0.00776348 0.00721502 0.00733409 0.00690016 0.00726523 
0.00704934 0.0071089 0.00626501 0.0071681 0.00780644 0.00818041 0.00704362 
0.00714104 0.00776394 0.00836171 0.0068821 0.00706041 0.00796811 0.00694045 
0.00697511 0.00755918 0.00741536 0.00731984 0.00770532 0.00699261 0.00688881 
0.00698234 0.00751663 0.00694418 0.00790358 0.0072413 0.00673688 0.00630161 
0.00826728 0.0077926 0.00776805 0.00632499 0.00729545 0.00746386 0.00679185 
0.00583274 0.00651387 0.00699189 0.0063637 0.00673569 0.00639588 0.00612964 
0.00572507 0.00613515 0.00665045 0.00719677 0.00646536 0.00651692 0.00591457 
0.00574269 0.00713917 0.00689816 0.00707596 0.00721938 0.00699203 0.00618701 
0.0062627 0.00708871 0.00688089 0.00614534 0.00651183 0.00752405 0.00618013 
0.00572781 0.00688875 0.00714933 0.00670361 0.00756297 0.00703188 0.00633702 
0.00704669 0.00754241 0.00638726 0.00701936 0.0066778 0.00735834 0.00705331 
0.00693526 0.00741386 0.00675653 0.00631614 0.00727692 0.00771122 0.00698376 
0.00699722 0.00720991 0.00659958 0.00631107 0.00650391 0.00725751 0.00684814 
0.00739755 0.00636505 0.00681696 0.00608833 0.00711011 0.00697038 0.00709843 
0.00717546 0.00763443 0.00648804 0.00674609 0.00740339 0.00859863 0.00681275 
0.00665938 0.00662119 0.00662439 0.00653498 0.00674846 0.00668276 0.00673107 
0.0066001 0.00682934 0.00665154 0.00678469 0.00658043 0.00667408 0.00663059 
0.00666537 0.0067302 0.00651378 0.00660983 0.0066625 0.00658253 0.00653854 
