0.00785195 0.00792503 0.00796263 0.00843027 0.00839089 0.0083835 0.00780173 
0.00814507 0.00815765 0.0078806 0.0078778 0.00788039 0.00805128 0.00809004 
0.00802251 0.00771632 0.0084158 0.00848851 0.00829316 0.00861912 0.00816032 
0.00785577 0.0084269 0.00774591 0.00833393 0.00749286 0.00740667 0.0078494 
0.00819131 0.00810537 0.00765179 0.00805067 0.00814175 0.00774517 0.00826069 
0.00796234 0.00798836 0.00780748 0.00808577 0.00816805 0.00783284 0.00798499 
0.00855196 0.00862401 0.00855464 0.00824125 0.0087522 0.00839061 0.00850712 
0.00791685 0.00853294 0.00859619 0.00788146 0.00848797 0.00887526 0.00817298 
0.00782844 0.008214 0.00776001 0.00816908 0.00830389 0.00781258 0.00822592 
0.00822189 0.0115397 0.00814494 0.00835473 0.00785248 0.0077476 0.007975 
0.00825399 0.00903119 0.00895007 0.00643468 0.00809735 0.00810693 0.0078582 
0.007936 0.00827512 0.00679234 0.00731078 0.0111829 0.00826262 0.00825933 
0.00803172 0.00794871 0.00604094 0.00584961 0.00534207 0.00790953 0.00779548 
0.00786296 0.00753717 0.00729991 0.00514779 0.00512803 0.00846689 0.00800307 
0.00817343 0.00607744 0.00694069 0.00577318 0.00481981 0.00823496 0.0082147 
0.00807171 0.00563456 0.0078598 0.00838074 0.0151685 0.00803373 0.00772125 
0.00774229 0.00809164 0.00871953 0.00790887 0.00787065 0.00831552 0.00788343 
0.00832887 0.00804401 0.00824261 0.00776301 0.00829612 0.00811762 0.00834289 
0.00778861 0.00840573 0.00781759 0.0081842 0.00824244 0.00841136 0.0081152 
0.00802901 0.00789769 0.00821075 0.00798388 0.00808906 0.0080369 0.00798598 
0.00785232 0.00794258 0.00836928 0.00792404 0.0086827 0.00796132 0.00790723 
0.00792248 0.00797295 0.0080498 0.00786539 0.00789095 0.00813533 0.00775368 
0.00808856 0.00788623 0.00805133 0.00810755 0.00823414 0.00787805 0.00803706 
0.00812428 0.00829246 0.00741058 0.0075407 0.00752105 0.00774032 0.00771361 
0.00753996 0.00749672 0.00750034 0.00739911 0.00764082 0.00756643 0.00762113 
0.00747284 0.00773239 0.00753108 0.00768184 0.00745057 0.0075566 0.00750737 
0.00754674 0.00762015 0.00737511 0.00748386 0.00754349 0.00745295 0.00740314 
