0.00693493 0.00699947 0.00703269 0.00744571 0.00741094 0.0074044 0.00689057 
0.00719383 0.00720493 0.00696023 0.00695777 0.00696005 0.00711099 0.00714522 
0.00708558 0.00681514 0.00743293 0.00749715 0.00732461 0.00761251 0.00720729 
0.00693831 0.00744273 0.00684128 0.00736062 0.00661778 0.00654166 0.00693268 
0.00723466 0.00715876 0.00675815 0.00711044 0.00719088 0.00684063 0.00729594 
0.00703244 0.00705541 0.00689566 0.00714144 0.00721412 0.00691805 0.00705244 
0.0075532 0.00761683 0.00755555 0.00727877 0.00773005 0.00741068 0.00751359 
0.00699225 0.00753639 0.00759225 0.006961 0.00749668 0.00783873 0.00721847 
0.00691417 0.00797063 0.00685373 0.00721502 0.00733409 0.00690016 0.00726523 
0.00684867 0.00715251 0.00660774 0.00722688 0.00779227 0.00811409 0.00704362 
0.0069177 0.00787443 0.00832013 0.00685435 0.0070133 0.0078889 0.00694045 
0.00702831 0.00756069 0.00748082 0.00730119 0.00740443 0.00735904 0.00729474 
0.00730504 0.00743049 0.0069519 0.00782186 0.00712576 0.00707665 0.00688506 
0.00694466 0.00798843 0.00752553 0.0061814 0.00719511 0.00772675 0.00706841 
0.00589237 0.00639736 0.00686542 0.00608652 0.00658207 0.00618452 0.00698662 
0.00576159 0.00597136 0.00642878 0.00702288 0.00641668 0.00642128 0.00649166 
0.00561137 0.00708944 0.00677798 0.00696453 0.00712237 0.00737538 0.00696274 
0.00592342 0.00706574 0.00680957 0.00608211 0.00625734 0.00794128 0.00736854 
0.00625891 0.0067738 0.00714446 0.00667198 0.00740915 0.00739117 0.00716743 
0.00709131 0.00795942 0.0061156 0.00695656 0.00647656 0.00745787 0.00705331 
0.00693526 0.00736274 0.00647484 0.00620836 0.00706527 0.00738219 0.00698376 
0.00699722 0.00707761 0.00663078 0.00604245 0.00603146 0.00789262 0.00684814 
0.00714391 0.00700505 0.00632089 0.00700729 0.0107804 0.00695798 0.00709843 
0.00717546 0.007324 0.00654511 0.00666003 0.00664268 0.00683634 0.00681275 
0.00665938 0.00662119 0.00662439 0.00653498 0.00674846 0.00668276 0.00673107 
0.0066001 0.00682934 0.00665154 0.00678469 0.00658043 0.00667408 0.00663059 
0.00666537 0.0067302 0.00651378 0.00660983 0.0066625 0.00658253 0.00653854 
