0.00573135 0.00578469 0.00581214 0.00615348 0.00612474 0.00611934 0.00569469 
0.00594531 0.00595449 0.00575226 0.00575022 0.00575211 0.00587685 0.00590514 
0.00585585 0.00563235 0.00614292 0.00619599 0.0060534 0.00629133 0.00595644 
0.00573414 0.00615102 0.00565395 0.00608316 0.00546924 0.00540633 0.00572949 
0.00597906 0.00591633 0.00558525 0.0058764 0.00594288 0.00565341 0.0060297 
0.00581193 0.00583092 0.00569889 0.00590202 0.00596208 0.0057174 0.00582846 
0.00624231 0.0062949 0.00624426 0.00601551 0.00638847 0.00612453 0.00620958 
0.00577872 0.00622842 0.00627459 0.00575289 0.0061956 0.00647829 0.00596568 
0.00720797 0.00880113 0.00850314 0.00892044 0.00606123 0.00570261 0.00600432 
0.00713145 0.00739287 0.00808698 0.00741284 0.00745057 0.00729408 0.00582117 
0.0073945 0.00841489 0.00801893 0.00808963 0.00812562 0.00795826 0.00610993 
0.00666107 0.00806421 0.00794829 0.00799983 0.00870088 0.00682509 0.0055278 
0.006126 0.00786645 0.00855964 0.00807973 0.0074857 0.0072146 0.00580594 
0.00803882 0.00848666 0.0081546 0.00798879 0.0082526 0.00812092 0.00649544 
0.00714847 0.00803206 0.00771092 0.00721976 0.00775424 0.00728056 0.00648607 
0.00648158 0.00692178 0.00696777 0.00811608 0.00738985 0.00717268 0.00526857 
0.00639061 0.00780268 0.00784379 0.00819515 0.00789939 0.00799214 0.00641454 
0.00637557 0.00755577 0.0077043 0.00687801 0.00754278 0.00786291 0.00733254 
0.00650634 0.00728426 0.00761376 0.0075811 0.0083248 0.0077396 0.00596881 
0.0065074 0.00800692 0.00723831 0.00760571 0.00732842 0.00776631 0.00635138 
0.00670743 0.00764485 0.00776583 0.00733994 0.00838429 0.00794114 0.00682844 
0.00631205 0.00735718 0.00727349 0.00703513 0.00728697 0.00732953 0.00524949 
0.00622004 0.00731549 0.00788372 0.00661713 0.00780365 0.00732201 0.00714473 
0.00622328 0.00747585 0.00713503 0.0071849 0.00746662 0.00712614 0.00614285 
0.00550362 0.00479602 0.0054747 0.00540081 0.00557724 0.0071064 0.00556287 
0.00545463 0.00564408 0.00549714 0.00560718 0.00543837 0.00551577 0.00547983 
0.00550857 0.00556215 0.00538329 0.00546267 0.0055062 0.00544011 0.00540375 
