1.28 1.28 1.28 1.28 1.28 1.28 1.28 
1.28 1.28 1.28 1.28 1.28 1.28 1.28 
1.28 1.28 1.28 1.28 1.28 1.28 1.28 
1.28 1.28 1.28 1.28 1.28 1.28 1.28 
1.28 1.28 1.28 1.28 1.28 1.28 1.28 
1.28 1.28 1.28 1.28 1.28 1.28 1.28 
1.28 1.28 1.28 1.28 1.28 1.28 1.28 
1.28 1.28 1.28 1.28 1.28 1.28 1.28 
1.28 1.52529 1.30201 1.28 1.28 1.28 1.28 
1.1455 1.19028 1.30978 1.29145 1.33508 1.25454 1.28 
1.11687 1.30653 1.24197 1.28216 1.31094 1.32461 1.28 
1.06271 1.24586 1.2775 1.21271 1.34102 1.08955 0.798912 
0.83629 1.19731 1.33044 1.25473 1.18465 1.16818 0.884105 
1.29236 1.42353 1.2509 1.25066 1.3169 1.27264 1.28 
1.04509 1.24138 1.18036 1.089 1.16605 1.0543 0.951295 
0.929485 1.0713 1.0618 1.2017 1.11706 1.06648 0.771541 
0.842753 1.16229 1.08251 1.247 1.21626 1.18611 1.01269 
0.936951 1.16512 1.1493 1.0972 1.08992 1.19619 1.0652 
0.985606 1.04552 1.22552 1.13541 1.25912 1.11725 0.963571 
0.988406 1.27901 1.06697 1.18431 1.10818 1.25768 1.28 
1.05743 1.21415 1.14334 1.13292 1.20715 1.3187 1.28 
0.966693 1.14813 1.11901 1.11291 1.14989 1.18168 1.28 
1.09994 1.13566 1.17685 0.974737 1.18646 1.19673 1.28 
1.28 1.26607 1.22251 1.23469 1.34386 1.47518 1.28 
1.28 1.28 1.28 1.28 1.28 1.28 1.28 
1.28 1.28 1.28 1.28 1.28 1.28 1.28 
1.28 1.28 1.28 1.28 1.28 1.28 1.28 
