0.00930666 0.00907152 
0.00878553 0.009339 
0.00858915 0.00898413 
0.00923379 0.00885609 
0.0089763 0.00886818 
0.00880815 0.00863163 
0.00936099 0.00868065 
0.00874488 0.00883671 
0.0110115 0.0090804 
0.0114527 0.0117137 
0.0103903 0.0111093 
0.0107316 0.011575 
0.0110853 0.0122623 
0.010101 0.0109287 
0.0112153 0.014165 
0.0126294 0.0125229 
0.0126618 0.0127822 
0.0128243 0.0119607 
0.0124104 0.0140459 
0.0126254 0.013031 
0.0132879 0.0132709 
0.0129867 0.0125939 
0.00898929 0.00885381 
0.00851685 0.00901578 
0.00904704 0.00857052 
0.00900714 0.00847386 
