0.0127501 0.012428 
0.0120362 0.0127944 
0.0117671 0.0123083 
0.0126503 0.0121328 
0.0122975 0.0121494 
0.0120672 0.0118253 
0.0128246 0.0118925 
0.0119805 0.0121063 
0.0123927 0.0124401 
0.010727 0.019281 
0.0168875 0.0124334 
0.0166148 0.0205831 
0.0167507 0.0222301 
0.0158712 0.0198583 
0.0258647 0.0122455 
0.0122562 0.0117431 
0.0127621 0.0124871 
0.0125369 0.0124829 
0.0128298 0.0121966 
0.0128196 0.011954 
0.0122464 0.0118231 
0.0127069 0.0120235 
0.0123153 0.0121297 
0.0116681 0.0123516 
0.0123944 0.0117416 
0.0123398 0.0116092 
