0.00727881 0.00734656 0.00738142 0.00781492 0.00777842 0.00777156 0.00723226 
0.00755054 0.0075622 0.00730537 0.00730278 0.00730518 0.0074636 0.00749953 
0.00743693 0.00715308 0.00780151 0.00786891 0.00768782 0.00798999 0.00756468 
0.00728236 0.0078118 0.00718052 0.00772561 0.00694593 0.00686604 0.00727645 
0.00759341 0.00751374 0.00709327 0.00746303 0.00754746 0.00717983 0.00765772 
0.00738115 0.00740527 0.00723759 0.00749557 0.00757184 0.0072611 0.00740214 
0.00792773 0.00799452 0.00793021 0.0076397 0.00811336 0.00777815 0.00788617 
0.00733897 0.00791009 0.00796873 0.00730617 0.00786841 0.00822743 0.00757641 
0.00725702 0.00887944 0.00716357 0.010659 0.00769776 0.00724231 0.00762549 
0.00743038 0.00703158 0.00718201 0.00717325 0.00800817 0.00781866 0.00739289 
0.00726537 0.00787514 0.00784425 0.00748217 0.00772756 0.00791801 0.00728461 
0.00647742 0.007561 0.00752661 0.00748596 0.00803713 0.00694717 0.00659617 
0.00680223 0.0076141 0.00735159 0.00763172 0.00682371 0.00708643 0.00586815 
0.00786609 0.00798643 0.00763934 0.00695281 0.00776813 0.00762522 0.00726895 
0.00609864 0.00675734 0.00675993 0.00609001 0.00671619 0.00620063 0.00638306 
0.00511323 0.00613679 0.00575345 0.00737861 0.00644194 0.00630766 0.00570101 
0.00559961 0.00690422 0.00690489 0.00716479 0.0071674 0.00720378 0.00606108 
0.00613825 0.00684913 0.00675925 0.00611281 0.00655085 0.00729801 0.00646268 
0.00581667 0.00646675 0.00703363 0.00677132 0.00747145 0.00688346 0.00684114 
0.00621031 0.00752327 0.006057 0.00680512 0.0063104 0.00748064 0.00740306 
0.00727916 0.00745134 0.00684448 0.00628265 0.00752997 0.00776229 0.00733006 
0.00734419 0.0072556 0.00665947 0.00643717 0.00661022 0.00670308 0.00713363 
0.00749816 0.00702123 0.00681371 0.00580482 0.00709391 0.00702916 0.00745042 
0.00753127 0.00756432 0.00674299 0.00670091 0.00772802 0.00850275 0.00715057 
0.0069896 0.00694952 0.00695287 0.00685903 0.00708309 0.00701413 0.00706484 
0.00692738 0.00716798 0.00698137 0.00712112 0.00690673 0.00700503 0.00695938 
0.00699588 0.00706393 0.00683678 0.00693759 0.00699287 0.00690894 0.00686276 
