0.0138606 0.0141297 0.0141388 0.0142981 0.0138597 0.0138354 0.0132648 
0.0142318 0.0139368 0.013987 0.0138872 0.0141574 0.0149612 0.0132127 
0.0145726 0.0139545 0.0152652 0.0151553 0.0151071 0.0155457 0.0137894 
0.0136399 0.0154481 0.0135416 0.0152012 0.0138557 0.0132023 0.0141648 
0.0146166 0.0148513 0.0140747 0.0146693 0.0145857 0.0139833 0.0142181 
0.0142354 0.0143981 0.0141186 0.0146885 0.0152331 0.0140401 0.0139306 
0.0155738 0.0152746 0.0154316 0.01492 0.0156907 0.0152937 0.0145587 
0.0142044 0.0155345 0.0153954 0.0144416 0.0153001 0.0153224 0.0139384 
0.0140074 0.0149625 0.0140686 0.0148213 0.0150167 0.0140288 0.0136702 
0.0146812 0.0141681 0.0143336 0.0142218 0.0140343 0.0141284 0.0136889 
0.0150099 0.0148669 0.015111 0.0144735 0.0143924 0.0146985 0.0137189 
0.0142599 0.0150165 0.0143712 0.0149236 0.0152692 0.0148471 0.0150677 
0.0142954 0.0152055 0.014564 0.0146714 0.0143127 0.0139873 0.0139823 
0.014197 0.0137797 0.0145892 0.0143233 0.0143619 0.0152909 0.0141429 
0.0147289 0.0143066 0.0142086 0.0144403 0.0146513 0.0149262 0.0148193 
0.014739 0.0143128 0.0141277 0.0151777 0.0143661 0.0146175 0.0140536 
0.0136058 0.0146209 0.015656 0.0143866 0.0141479 0.0149898 0.0139361 
0.0148759 0.0144931 0.0149571 0.0139398 0.0151801 0.0147244 0.0148078 
0.0139575 0.015137 0.0141042 0.0148723 0.0149018 0.015217 0.0146605 
0.0148291 0.0144094 0.0148529 0.0144825 0.0146168 0.0145357 0.0136467 
0.0141084 0.0144227 0.015128 0.0143393 0.0157821 0.0142242 0.0143466 
0.0141255 0.0143345 0.0146028 0.0143575 0.0142924 0.0146007 0.0137539 
0.0145789 0.0144577 0.0146451 0.0143839 0.0147011 0.014244 0.0143272 
0.0145747 0.0149814 0.0135397 0.0138072 0.0137914 0.0139706 0.0138463 
0.0139226 0.0137904 0.0137101 0.013673 0.0136015 0.0136858 0.0134505 
0.0138674 0.0138342 0.0139023 0.0141331 0.0137059 0.0138584 0.013422 
0.0140334 0.0141565 0.013895 0.0139223 0.0138189 0.0139237 0.0135934 
