0.00930666 0.00907152 
0.00878553 0.009339 
0.00858915 0.00898413 
0.00923379 0.00885609 
0.0089763 0.00886818 
0.00880815 0.00863163 
0.00936099 0.00868065 
0.00874488 0.00883671 
0.0114553 0.0090804 
0.0113157 0.0116631 
0.0102951 0.0113189 
0.0106477 0.0119508 
0.0106647 0.0123426 
0.00999396 0.0112999 
0.0112822 0.0134105 
0.0112276 0.0116958 
0.012914 0.0128591 
0.0125725 0.0117219 
0.0116784 0.0133934 
0.0114849 0.0120656 
0.0118477 0.0117837 
0.0117884 0.0102679 
0.00898929 0.00885381 
0.00851685 0.00901578 
0.00904704 0.00857052 
0.00900714 0.00847386 
