0.023123 0.0222362 
0.0217483 0.0234732 
0.021406 0.0224944 
0.0227282 0.0222544 
0.0220374 0.0223609 
0.0221677 0.0213386 
0.0229447 0.0220038 
0.021581 0.0222287 
0.022517 0.0227091 
0.0218863 0.0232908 
0.0214662 0.0230056 
0.0217802 0.0228947 
0.0217282 0.0230309 
0.0210832 0.0220466 
0.0231622 0.0227948 
0.0226731 0.0218757 
0.0224258 0.0225653 
0.0229431 0.0228349 
0.0230085 0.0226315 
0.0231773 0.0223601 
0.0223124 0.0217776 
0.0227682 0.021957 
0.0222923 0.0220295 
0.0209568 0.0226937 
0.0223496 0.0214283 
0.0219862 0.0211567 
