0.00682349 0.00704086 0.00702169 0.00746078 0.00725517 0.007196 0.00669568 
0.00720874 0.00718929 0.00694081 0.00697069 0.00699149 0.00719829 0.00677725 
0.00714703 0.00884971 0.00751729 0.00756314 0.00739783 0.00770841 0.00687772 
0.00711231 0.00601532 0.00366608 0.00910732 0.00850926 0.00645356 0.00691246 
0.00517875 0.00642302 0.00681846 0.00632111 0.00612871 0.00650772 0.00662074 
0.00619329 0.00619366 0.00597677 0.00691991 0.00792777 0.00615081 0.0065388 
0.0064645 0.00712028 0.00599452 0.00635075 0.00611701 0.00714565 0.00434082 
0.00628246 0.00574397 0.00574242 0.00623748 0.00654624 0.00619501 0.00598729 
0.00617564 0.00696675 0.00596978 0.00670641 0.00699047 0.00728339 0.00311128 
0.00532095 0.00637149 0.00528068 0.00626223 0.00676152 0.00657127 0.00727 
0.00696714 0.00675179 0.00694951 0.00668289 0.00700353 0.00650857 0.0052044 
0.00569264 0.00662082 0.00711456 0.00647051 0.00716443 0.00678234 0.00606712 
0.0064496 0.00680239 0.00618313 0.00570332 0.00582375 0.00682546 0.00481624 
0.00580229 0.00698256 0.00598264 0.00608312 0.00655012 0.00661211 0.00521467 
0.0066212 0.00500319 0.00667454 0.00547643 0.00641886 0.00553057 0.00452964 
0.0059844 0.00543784 0.00551101 0.00698502 0.00621698 0.00580052 0.00636379 
0.00404676 0.00693523 0.00623882 0.00600057 0.00687396 0.00618397 0.00532128 
0.00618637 0.00644823 0.00641146 0.00501578 0.00595387 0.00718031 0.00714621 
0.00388849 0.00636421 0.00614145 0.00627004 0.00672228 0.00609112 0.00418532 
0.00541141 0.00705578 0.00544772 0.00635051 0.00546783 0.00673637 0.00515267 
0.00777134 0.00674532 0.00657914 0.00561723 0.00730569 0.00655887 0.00941761 
0.00699276 0.00712874 0.00316027 0.00325403 0.0113228 0.00737647 0.00663971 
0.0071943 0.00703389 0.00718243 0.00724348 0.00726403 0.00701574 0.00694027 
0.00723942 0.00740629 0.00659941 0.00667847 0.00664882 0.00690346 0.00669757 
0.0067502 0.00665499 0.00666083 0.00659883 0.00676741 0.00668501 0.00664461 
0.00664239 0.00683816 0.00671118 0.00685192 0.00662152 0.00671427 0.00645893 
0.00671717 0.00674494 0.00658878 0.00664373 0.0066763 0.00666835 0.0065067 
