0.00682349 0.00704086 0.00702169 -1000 0.00725517 0.007196 -1000 
0.00720874 0.00718929 0.00694081 0.00697069 0.00699149 0.00719829 0.00677725 
0.00714703 0.00907719 0.0139639 0.00756314 0.00739783 0.00770841 0.00687772 
0.00746879 0.00598604 0.00441268 0.00903175 0.00878735 0.00784794 0.00691246 
0.00570658 0.00623484 0.00659778 0.00638012 0.00659662 0.00617652 0.0073151 
0.00580708 0.00616096 0.00592852 0.00648809 0.00746618 0.00622014 0.0058552 
0.00629473 0.00670345 0.00576684 0.00595523 0.00590958 0.00638392 0.00573602 
0.00575312 0.0055874 0.00558511 0.00567543 0.00614936 0.00624224 0.00560727 
0.00677951 0.00661144 0.00602696 0.00663717 0.00666162 0.00665836 0.00372662 
0.00515033 0.00635178 0.00541 0.00615609 0.00643578 0.00643307 0.00647914 
0.00665224 0.00653472 0.00665277 0.00658098 0.00685587 0.00664331 0.00497545 
0.00668958 0.00633384 0.00691399 0.00626593 0.00681533 0.00635383 0.00600347 
0.00588666 0.00674326 0.00609308 0.00559963 0.00596973 0.00653259 0.00508834 
0.00687933 0.00686259 0.00611019 0.00634306 0.00626336 0.00648451 0.00570658 
0.00570004 0.00559268 0.00650269 0.00559051 0.00646669 0.00562083 0.00558876 
0.00502561 0.00567253 0.00564388 0.00673017 0.00598509 0.00595691 0.00461101 
0.00518549 0.0068821 0.00629709 0.0063391 0.00688229 0.00635661 0.00531133 
0.00585925 0.00633822 0.0062484 0.00534094 0.00601263 0.00698285 0.0065128 
0.00572897 0.00612921 0.00599012 0.00620316 0.00686889 0.0061082 0.00552724 
0.00539717 0.00677693 0.00572331 0.00630257 0.00538879 0.00637083 0.00604463 
0.00569731 0.00629466 0.00625654 0.00536664 0.00691092 0.00616427 0.00641754 
0.00633633 0.00578897 0.0054879 0.00601187 0.00579624 0.00606885 0.00419319 
0.0071943 0.00559891 0.00705904 0.00337821 0.00955441 0.00524858 0.00694027 
0.00723942 0.00740629 0.00659941 0.00667847 0.00664882 0.00690346 0.00669757 
0.0067502 0.00665499 0.00666083 0.00659883 0.00676741 0.00668501 0.00664461 
0.00664239 0.00683816 0.00671118 0.00685192 0.00662152 0.00671427 0.00645893 
0.00671717 0.00674494 0.00658878 0.00664373 0.0066763 0.00666835 0.0065067 
