0.011377 0.0110453 
0.0107172 0.0114202 
0.0105213 0.0109297 
0.0132053 0.0107382 
0.014277 0.0135688 
0.0148415 0.0124234 
0.0122433 0.012778 
0.0114789 0.0121101 
0.0113164 0.0119093 
0.0132206 0.0119728 
0.0115377 0.0111139 
0.0112368 0.0115967 
0.0112414 0.0122418 
0.0107255 0.0109431 
0.0123585 0.0139249 
0.0124102 0.0124214 
0.0141539 0.013513 
0.0144703 0.0127395 
0.0131225 0.0129849 
0.0132378 0.0126529 
0.0109552 0.0105201 
0.0112565 0.0106639 
0.011041 0.0109709 
0.0102477 0.0111441 
0.0109434 0.0104685 
0.0108126 0.0104286 
