1 1 1 1 1 1 1 
1 1 1 1 1 1 1 
0.589032 1.28265 0.889502 1.322 1 1 1 
0.87419 0.586411 0.429141 0.977952 2.34044 1 1 
0.785003 1.02774 1.14436 0.497679 0.716461 1.05147 1.58132 
0.974701 0.98189 0.997567 0.805458 1.65707 0.869717 0.774488 
0.9204 0.962058 1.0209 0.726264 1.15315 0.858526 0.926875 
0.929768 1.0012 0.998647 0.69104 1.13499 0.834177 0.7821 
1.00701 0.982237 1.01929 1.12149 0.685009 0.903372 0.858832 
1.09566 1.02482 1.05726 1.11065 1.24752 0.935528 0.837358 
0.902516 1.03378 1.01157 1.02315 1.15616 0.91943 0.689105 
1.01752 1.05278 1.05241 1.02983 0.994673 0.914371 0.74394 
1.03333 1.0548 0.992071 1.03029 1.06731 0.929633 0.881549 
0.993328 1.01475 0.992957 1.02364 1.02546 0.908273 1.19225 
0.977422 1.04233 1.02239 1.02046 1.07389 0.850243 0.896145 
1.16113 1.08238 1.00962 1.01785 1.09186 0.941362 1.00485 
1.05241 0.988642 1.04885 1.01299 1.00909 0.929835 1.03168 
1.04264 0.974147 0.987603 0.997612 1.15844 0.806094 0.804083 
0.882247 0.98509 0.978704 0.605222 0.524091 0.960855 0.773793 
0.865808 0.859085 0.892306 1.00978 0.893798 0.942525 1.02019 
0.97896 0.952647 0.799303 0.776825 0.937092 0.950337 1.02687 
1 0.990796 0.896335 0.919484 0.883106 0.891753 0.55721 
1 1 1 1 1 1 1 
1 1 1 1 1 1 1 
1 1 1 1 1 1 1 
1 1 1 1 1 1 1 
1 1 1 1 1 1 1 
