0.011377 0.0110453 
0.0107172 0.0114202 
0.0105213 0.0109297 
0.0124453 0.0107382 
0.0144855 0.0155581 
0.0156349 0.0124007 
0.0120036 0.0128327 
0.0116176 0.0119182 
0.0112554 0.0114917 
0.013532 0.0110901 
0.012309 0.0110116 
0.0115434 0.0115425 
0.0113189 0.0124077 
0.0107333 0.0110752 
0.0122317 0.0132306 
0.0125276 0.0127245 
0.0142889 0.013563 
0.0147405 0.0125689 
0.0139521 0.0131233 
0.0146022 0.0127623 
0.0109552 0.0105201 
0.0112565 0.0106639 
0.011041 0.0109709 
0.0102477 0.0111441 
0.0109434 0.0104685 
0.0108126 0.0104286 
