1 1 1 1 1 1 1 
1 1 1 1 1 1 1 
1 1.48402 1.06188 1.71931 1 1 1 
1.00897 1.00078 0.953063 0.962877 1.04315 1.03911 1 
0.961645 1.03843 1.029 1.07524 1.11068 0.965962 1.1064 
1.1099 1.04659 1.0183 1.08931 1.10198 1.25499 0.71277 
1.026 1.07005 1.05219 1.05313 1.04863 1.04987 1.03911 
1.12817 1.04503 1.03935 1.05237 1.05241 1.05358 1.06669 
1.02889 1.0504 1.04681 1.06127 1.03992 1.03256 1.03703 
1.11609 1.05807 1.05261 1.07266 1.04574 1.06214 1.0173 
0.96704 1.09879 1.06268 1.06856 1.04723 1.0531 1.11704 
0.964111 1.08261 1.04981 1.07385 1.04842 1.04565 1.01217 
1.0004 1.06664 1.05565 1.05108 1.03653 1.02891 1.17944 
1.07956 1.03497 1.07195 1.03928 1.01588 1.06481 0.972074 
1.05138 1.04248 1.03557 1.05779 1.02887 1.06417 0.924699 
1.03037 1.05218 1.05041 1.02565 1.03885 1.04756 1.00123 
1.09586 1.06015 1.06386 1.0673 1.01961 1.04404 0.95054 
1.16829 1.05075 1.0362 1.03588 1.05773 1.07568 0.95755 
1.03359 1.0395 1.03998 1.04241 1.01721 1.04021 1.09818 
0.973245 1.05844 1.05351 1.03691 1.04999 1.01107 0.881473 
1.24466 0.992441 1.00368 1.0312 1.00077 1.05355 0.983372 
1 0.667398 0.492663 0.921807 1.29196 0.712653 0.735449 
1 1 1 1 1 1 1 
1 1 1 1 1 1 1 
1 1 1 1 1 1 1 
1 1 1 1 1 1 1 
1 1 1 1 1 1 1 
