1 1 1 1 1 1 1 
1 1.3322 1.33237 1.61895 1 1 1 
1 1.1149 0.938184 1.21263 1 1 1 
0.986978 0.786141 0.749254 1.08931 1 1 1 
1.00274 0.96215 0.960114 0.987225 1 1 1 
1.03527 1.02835 1.00333 1.22652 1.41723 1 1 
0.981739 0.984027 0.987649 0.911292 0.888307 1 1 
0.949137 1.00244 1.0099 0.97468 0.99969 1.05072 1 
1.02186 1.0169 1.03264 1.0267 1.03106 1.00485 1 
0.987353 1.00388 1.02866 1.04215 1.00854 1.00628 1 
0.974889 0.987642 0.981446 1.01468 1.01711 1.09257 1 
0.980338 0.983574 0.981376 1.01489 1.0101 1.09543 1 
0.972203 1.01472 1.02742 0.998364 1.01575 1.09355 1 
1.07061 1.02055 1.03885 1.02276 1.01438 1.0985 1 
1.03514 1.0236 1.04239 1.00999 1.02393 0.989272 1.21139 
0.974447 1.03296 1.01418 1.01765 1.0319 1.09129 1 
1.02319 1.0501 1.04459 1.06032 1.04624 1.13297 1 
1.06553 1.03986 1.05125 1.02299 1.00389 1.07891 1 
1.0609 1.05287 1.04926 1.05133 1.04009 1.12727 1 
1.15636 1.0341 1.05719 1.04717 1.03465 1.05397 1 
1 1.00294 1.06247 1.08587 1.06241 1.02328 1 
1 0.864039 0.831861 0.911352 0.817165 0.961037 1 
1 0.981029 0.766247 0.836721 1.33374 1 1 
1 1 1.07089 1.35276 1 1 1 
1 1 1 1 1 1 1 
1 1 1 1 1 1 1 
1 1 1 1 1 1 1 
