0.00982544 0.00954864 0.00978764 0.0094757 0.00983972 0.00976949 0.00906697 
0.0091446 0.0088392 0.00914871 0.00893938 0.00919595 0.00978967 0.00905424 
0.00568011 0.0139278 0.0101782 0.0109292 0.00996411 0.0102514 0.00900593 
0.00973691 0.00821224 0.00978188 0.00775469 0.0156731 0.0086349 0.00905332 
0.0093738 0.00848196 0.00975023 0.00839129 0.0088069 0.0093068 0.0148432 
0.00793877 0.00870742 0.00853136 0.0083021 0.0103971 0.00875401 0.00717767 
0.00774357 0.00916368 0.0087506 0.00852035 0.00875842 0.00932501 0.0114458 
0.00842445 0.00791502 0.00725774 0.00891383 0.00856027 0.00924212 0.00730828 
0.00871033 0.0087972 0.0083749 0.00939553 0.00985616 0.00911814 0.0121702 
0.00828687 0.00880368 0.00726052 0.00834315 0.00985747 0.00923713 0.00670962 
0.00757998 0.0087156 0.00964346 0.00832944 0.00905578 0.00903218 0.00651448 
0.00979211 0.00912774 0.00988216 0.00838609 0.0089041 0.00888431 0.00887194 
0.00846472 0.00959613 0.00762165 0.0074352 0.008668 0.00906321 0.00669716 
0.00885545 0.00891868 0.0081107 0.00927984 0.00830211 0.00869174 0.00793804 
0.00750645 0.00840961 0.0086256 0.00756998 0.00797172 0.00747477 0.00671748 
0.00843784 0.00778262 0.00779264 0.00958447 0.00798737 0.00821219 0.00698949 
0.00716717 0.00919995 0.00834404 0.00911877 0.00911525 0.00899049 0.00824719 
0.0076094 0.00857529 0.00896896 0.00749954 0.00812299 0.00965446 0.00758483 
0.00722896 0.00864222 0.00851774 0.00901039 0.00937768 0.00871237 0.00997057 
0.00781918 0.00935445 0.0080218 0.00935137 0.00787766 0.00905488 0.00640973 
0.00867122 0.00919454 0.00797274 0.00734604 0.00977131 0.00896424 0.0112142 
0.00914499 0.00853048 0.00896192 0.00878277 0.00819387 0.00874322 0.0051031 
0.0096239 0.00954259 0.0097283 0.0094697 0.00967932 0.00939855 0.00967468 
0.00947062 0.00995191 0.00897738 0.00916217 0.00912727 0.00920815 0.00922867 
0.00919222 0.0091144 0.00907519 0.00903764 0.00899233 0.00909155 0.00868204 
0.00916043 0.0091658 0.00923491 0.00938607 0.00912814 0.00921357 0.00883847 
0.00925108 0.00944274 0.00926178 0.0092082 0.00915844 0.00922431 0.00898444 
