1 1 1 1 1 1 1 
1 1 1 1 1 1 1 
-0.405955 1.04717 0.705551 0.475387 1 1 1 
0.825942 1.00792 1.04012 1.01911 0.266071 1 1 
0.97511 1.06444 0.976334 1.08227 1.05896 1.08713 1 
0.961818 1.01572 0.994201 1.02479 1.08013 1.05457 1 
1.13933 1.01977 1.00527 0.978831 1.02517 1.15718 1 
1.12299 1.01765 1.03051 0.973079 0.925035 1.00567 1 
0.98507 1.01987 1.00017 1.00109 0.979447 1.06973 0.825541 
0.93746 1.02115 1.02009 1.03682 1.04053 0.986112 0.841897 
0.954014 1.02172 0.994206 1.02902 0.990225 1.02213 1.00564 
1.10252 0.994806 1.03158 1.02575 1.0234 1.00054 0.909315 
1.02787 1.03017 1.01981 1.02291 0.986647 1.02779 0.926258 
1.09769 1.01773 1.02584 1.03255 0.997926 1.02275 1.00697 
0.905247 1.0352 1.02319 1.05499 0.985189 1.00138 0.679587 
0.961592 1.02488 1.01362 1.02368 1.00198 1.00388 1.12949 
0.99726 1.00875 1.01362 1.02617 1.02778 1.0098 1.22457 
0.986453 1.02408 1.03826 1.01321 1.01511 1.01591 1.05512 
0.884958 1.02148 0.97996 1.03483 0.994285 1.02439 0.908072 
1.03524 1.00991 1.04336 0.985401 1.01382 1.04666 0.705476 
0.945779 1.02509 1.02349 1.00894 1.02875 1.01926 1.02685 
0.900904 1.07017 1.00813 1.06925 0.99653 1.03626 0.849574 
1 1.22666 0.979414 0.98518 0.962831 0.949224 1 
1 1 1 1 1 1 1 
1 1 1 1 1 1 1 
1 1 1 1 1 1 1 
1 1 1 1 1 1 1 
