1 1.05158 0.814638 1 1 1 1 
0.998579 1.07347 0.981728 1.06177 1.25615 1.05491 1 
0.710724 0.988791 0.814319 0.846307 0.83788 0.901611 1 
0.732963 0.565401 0.421126 0.837808 0.992297 0.958336 1 
0.73115 0.989791 1.08494 0.490003 0.706849 1.0136 1 
0.974851 0.96357 0.971603 0.795301 1.64231 0.876359 1.24515 
0.924374 0.952182 1.01627 0.746514 1.20244 0.868536 0.912587 
0.936225 0.975621 1.00097 0.665497 1.09075 0.811292 1.16046 
1.04809 0.988466 1.03651 1.1263 0.686766 0.939768 1 
1.00604 1.02214 1.02285 1.11571 1.20788 0.934205 1.13705 
1.01825 1.00197 0.981969 0.968524 1.18031 0.900163 0.788188 
1.02416 1.0142 1.03492 1.04547 1.00536 0.916333 0.920585 
1.03977 1.02075 1.01027 1.03724 1.0834 0.92066 0.997272 
0.967174 1.01864 0.984817 1.01616 1.04823 0.938875 1.03342 
1.04009 1.03448 1.03467 1.08376 1.14031 0.926484 1.03662 
1.05794 1.07235 1.023 1.02035 1.11071 0.963708 1.05225 
1.02097 1.0065 1.06732 1.03956 1.0252 0.950214 0.940895 
1.04043 0.978438 0.98517 0.985526 1.14512 0.795674 0.897042 
0.835554 1.00911 0.988192 0.612531 0.531702 1.00225 0.863128 
0.890647 0.84123 0.878813 0.989145 0.893038 0.940174 0.935372 
0.818453 0.938558 0.840171 0.772204 0.92416 0.923894 0.885079 
0.798408 0.889773 0.837971 0.867236 0.845016 0.836443 0.721204 
0.737803 0.909519 0.899041 0.779155 0.916119 0.957205 1 
0.689702 0.858323 1.09933 1.04871 0.942541 0.755884 1 
0.937754 1.28507 1.4915 1 1 1 1 
1 1 1 1 1 1 1 
1 1 1 1 1 1 1 
