0.00982544 0.00954864 0.00978764 0.0094757 0.00983972 0.00976949 0.00906697 
0.0091446 0.0088392 0.00914871 0.00893938 0.00919595 0.00978967 0.00905424 
0.00639943 0.0124641 0.00686434 0.00783698 0.00996411 0.0102514 0.00900593 
0.00762262 0.0083555 0.00927441 0.00907327 0.0038894 0.0086349 0.00905332 
0.00813861 0.00904251 0.00988587 0.00849457 0.00898132 0.00956052 0.0154612 
0.00820364 0.00868674 0.00880064 0.00904512 0.00960939 0.00868882 0.00929427 
0.00797791 0.00967084 0.00782874 0.00852076 0.00857343 0.00937374 0.0133441 
0.00850487 0.00765519 0.00754459 0.00784452 0.00830142 0.00885797 0.00340319 
0.00917384 0.00878748 0.00867896 0.0088506 0.00878723 0.00860989 0.00781033 
0.0072364 0.00924495 0.00804682 0.00865421 0.00981716 0.00888383 0.00700454 
0.00836029 0.00863838 0.00905614 0.00863793 0.00951213 0.00891268 0.00843104 
0.00873924 0.00892637 0.00962839 0.00838564 0.00892929 0.00866843 0.00839325 
0.00809141 0.00946539 0.00786907 0.00731816 0.00902691 0.00903394 0.007716 
0.00936949 0.00905139 0.00808827 0.00936872 0.00855357 0.00888604 0.0105024 
0.0076338 0.00900307 0.00892302 0.00809318 0.00867661 0.00767634 0.0053885 
0.00743335 0.00808276 0.00749144 0.00932663 0.00857175 0.00835008 0.00734273 
0.00724043 0.00894316 0.00835506 0.00899463 0.00896546 0.00887973 0.00790569 
0.00733482 0.00880154 0.0087286 0.00742965 0.00854393 0.00978506 0.00738651 
0.00725098 0.00869639 0.00842971 0.00902275 0.00959214 0.0091424 0.0075873 
0.00774117 0.00962914 0.00859346 0.00905672 0.00818459 0.00891097 0.00545058 
0.00726805 0.00904392 0.00863811 0.00792288 0.00964497 0.00872592 0.00802149 
0.0098467 0.00895974 0.00806103 0.00826374 0.00842305 0.00879906 0.00553363 
0.0096239 0.00728294 0.00875736 0.00760446 0.0082371 0.00838061 0.00967468 
0.00947062 0.00995191 0.00897738 0.00916217 0.00912727 0.00920815 0.00922867 
0.00919222 0.0091144 0.00907519 0.00903764 0.00899233 0.00909155 0.00868204 
0.00916043 0.0091658 0.00923491 0.00938607 0.00912814 0.00921357 0.00883847 
0.00925108 0.00944274 0.00926178 0.0092082 0.00915844 0.00922431 0.00898444 
