0.0151679 0.0147854 
0.0177573 0.0165776 
0.0155512 0.0187643 
0.0163615 0.0205446 
0.0181821 0.0180944 
0.0196783 0.0155997 
0.0158957 0.0178298 
0.013841 0.0161095 
0.0144184 0.0149141 
0.0164958 0.0159239 
0.0156232 0.0145143 
0.0142786 0.015399 
0.0158395 0.0164991 
0.0136498 0.0129054 
0.0148231 0.0174621 
0.0164731 0.0163691 
0.0181761 0.0171015 
0.0192274 0.0167766 
0.0181029 0.0169151 
0.0191225 0.0159797 
0.0152434 0.016177 
0.0198743 0.0202013 
0.0244673 0.0783534 
0.0137642 0.0150628 
0.0145299 0.0142408 
0.0145317 0.0139498 
