0.011377 0.0110453 
0.0107172 0.0114202 
0.0105213 0.0109297 
0.0123772 0.0148821 
0.0139873 0.0129773 
0.0141944 0.0114816 
0.0114341 0.0120482 
0.010793 0.0114193 
0.0106984 0.011255 
0.0121403 0.0111534 
0.0104706 0.010525 
0.0104559 0.0110667 
0.0106353 0.0118096 
0.0101699 0.0103096 
0.0117244 0.0131927 
0.0114883 0.011849 
0.0134031 0.0126854 
0.013562 0.0122849 
0.0124667 0.012603 
0.0127459 0.012094 
0.0109552 0.0105201 
0.0112565 0.0106639 
0.011041 0.0109709 
0.0102477 0.0111441 
0.0109434 0.0104685 
0.0108126 0.0104286 
