0.011377 0.0110453 
0.0107172 0.0114202 
0.0105213 0.0109297 
0.0133309 0.0107382 
0.0175239 0.0128265 
0.0165112 0.0117315 
0.0145129 0.0128293 
0.0128448 0.0128686 
0.0129634 0.012739 
0.0137412 0.012469 
0.013403 0.0115292 
0.0123872 0.0122583 
0.0134206 0.0127398 
0.0121795 0.0110504 
0.013173 0.0141707 
0.0131394 0.0123989 
0.0152414 0.0133498 
0.0157873 0.0127268 
0.0146245 0.0141166 
0.0147983 0.013881 
0.00897848 0.0111239 
0.0112565 0.0106639 
0.011041 0.0109709 
0.0102477 0.0111441 
0.0109434 0.0104685 
0.0108126 0.0104286 
