0.0151679 0.0147854 
0.0142168 0.0153593 
0.0108775 0.0149014 
0.0147136 0.0145862 
0.0183601 0.0171845 
0.0211499 0.0165465 
0.0170983 0.0202555 
0.0143905 0.0169853 
0.0157964 0.0161443 
0.0176851 0.0169657 
0.0167479 0.0151955 
0.0152578 0.0164405 
0.0163582 0.017644 
0.014317 0.0141453 
0.0156671 0.018259 
0.017498 0.0168949 
0.019025 0.0172639 
0.0208583 0.0177619 
0.0190691 0.0173545 
0.020624 0.0162007 
0.00965694 0.0165849 
0.0150266 0.01456 
0.0147363 0.0146537 
0.0137642 0.0150628 
0.0145299 0.0142408 
0.0145317 0.0139498 
