0.00682349 0.00704086 0.00702169 0.00746078 0.00725517 0.007196 0.00669568 
0.00720874 0.00718929 0.00694081 0.00697069 0.00699149 0.00719829 0.00677725 
0.0117263 0.00789213 0.00808106 0.00520957 0.00739783 0.00770841 0.00687772 
0.00549039 0.00660376 0.0071582 0.00706021 0.00710831 0.00654538 0.00691246 
0.00601054 0.00709275 0.00697286 0.00677227 0.00709244 0.00691222 0.00641942 
0.00622235 0.00652038 0.0065377 0.00709713 0.00754602 0.00660213 0.0092222 
0.00602401 0.00752049 0.00683366 0.00707771 0.00690003 0.00716907 0.00611103 
0.00681082 0.0061873 0.00631703 0.0067666 0.00657884 0.00707921 0.00487326 
0.00767661 0.00736948 0.00665449 0.0069418 0.00732771 0.00721486 0.00600149 
0.00564306 0.00700433 0.00536634 0.00648908 0.00716057 0.00709346 0.00565125 
0.00731108 0.0070878 0.00736862 0.00680535 0.00686081 0.0069189 0.00553564 
0.00751537 0.00725541 0.00753609 0.00657396 0.0072522 0.00682267 0.00575125 
0.00651653 0.00754199 0.0062866 0.00640776 0.00663953 0.00672355 0.00653016 
0.00621546 0.00738645 0.0067685 0.00678924 0.00667133 0.007006 0.00611962 
0.00572066 0.00573979 0.00649884 0.00574828 0.00622447 0.0058568 0.00435349 
0.00477733 0.00557104 0.00591958 0.00730432 0.00604751 0.00629704 0.00574626 
0.00472623 0.00722058 0.0064937 0.00681828 0.00718806 0.00645649 0.00591568 
0.00720308 0.00644442 0.00689176 0.00541002 0.00627512 0.00743978 0.00593112 
0.00538961 0.00645327 0.00625969 0.00640422 0.0068659 0.00622242 0.00576074 
0.00538661 0.00688422 0.00595699 0.00671107 0.00563884 0.00672459 0.00458032 
0.00667985 0.00694864 0.00644236 0.00574144 0.00718511 0.0070282 0.00667371 
0.00699276 0.00457731 0.00368591 0.00744476 0.00674606 0.00495026 0.00483256 
0.0071943 0.00703389 0.00718243 0.00724348 0.00726403 0.00701574 0.00694027 
0.00723942 0.00740629 0.00659941 0.00667847 0.00664882 0.00690346 0.00669757 
0.0067502 0.00665499 0.00666083 0.00659883 0.00676741 0.00668501 0.00664461 
0.00664239 0.00683816 0.00671118 0.00685192 0.00662152 0.00671427 0.00645893 
0.00671717 0.00674494 0.00658878 0.00664373 0.0066763 0.00666835 0.0065067 
