1 1 1 1 1 1 1 
1 1 1 1 1 1 1 
1 1 1 1 1 1 1 
1 1 1 1 1 1 1 
1 1 1 1 1 1 1 
1 0.876466 1.7247 1 1 1 1 
1 1.02905 0.856394 1 1 1 1 
1.13517 0.962302 0.991499 0.920962 1 1 1 
1 1.06448 0.937842 1.04952 1 1 1 
1 0.986723 0.93202 0.97044 1 1 1 
0.865077 0.914215 0.951923 0.618929 1 1 1 
0.800334 0.939341 0.939013 0.733931 0.569694 1 1 
0.869924 0.956262 0.928097 0.873084 0.992844 1 1 
0.922154 0.970586 0.963371 0.998838 1.16001 1 1 
1.03532 0.958594 0.965561 0.940997 0.841958 1.02621 1 
0.981227 0.942953 0.970098 0.699419 0.437323 1 1 
0.868752 0.94258 0.965055 0.683115 0.388542 1 1 
1 0.938483 0.967223 0.751072 1.78127 1 1 
1.29033 1.25637 1.01729 1.85473 1 1 1 
1 1.23754 1.29232 1 1 1 1 
1 1 1 1 1 1 1 
1 1 1 1 1 1 1 
1 1 1 1 1 1 1 
1 1 1 1 1 1 1 
1 1 1 1 1 1 1 
1 1 1 1 1 1 1 
1 1 1 1 1 1 1 
