1 1 1 1 1 1 1 
1 1 1 1 1 1 1 
1 1.31927 1.85757 1 1 1 1 
1.08079 0.79186 0.646321 1.20919 1.32582 1.21606 1 
0.920313 0.934846 0.954922 0.764105 0.663637 0.89524 1.02411 
0.993743 0.991989 0.98088 1.04573 0.799315 0.892063 0.847771 
0.987489 1.00028 0.988897 1.07478 1.19198 0.810327 0.767811 
0.937624 0.998512 1.00488 0.973107 1.01237 0.912913 0.789391 
1.03317 1.0107 1.02772 1.02438 1.03739 0.979174 0.535056 
0.982825 0.999078 1.02262 1.04178 1.01458 0.94729 0.936525 
0.974494 0.982849 0.976903 1.01445 1.03226 1.02044 0.921137 
0.973087 0.979651 0.977123 1.01621 1.02257 1.03405 1.07534 
0.966395 1.00976 1.0231 0.996512 1.02317 1.04143 0.919284 
1.07579 1.01675 1.03418 1.02137 1.0214 1.03156 0.965549 
1.03015 1.01952 1.03814 1.0064 1.02619 0.990939 0.965139 
0.972958 1.02937 1.01008 1.01602 1.04165 1.0277 1.03322 
1.02483 1.04634 1.04031 1.05996 1.06052 1.06193 1.02476 
1.06297 1.03698 1.04705 1.02294 1.01796 1.01059 1.09426 
1.0773 1.04917 1.04536 1.05223 1.05978 1.06178 0.78574 
1.05729 1.03187 1.05873 1.04726 1.04585 0.988382 0.898905 
0.821238 0.93119 1.08504 1.09514 1.06696 0.971861 0.929519 
0.906127 0.812061 0.801198 0.912962 0.820884 0.838719 0.631533 
1 0.795991 0.982821 0.46638 1.3153 0.748115 1 
1 1 1 1 1 1 1 
1 1 1 1 1 1 1 
1 1 1 1 1 1 1 
1 1 1 1 1 1 1 
