0.00682349 0.00704086 0.00844096 0.00746078 0.00725517 0.007196 0.00669568 
0.00720874 0.00734297 0.00748223 0.00853979 0.0124296 0.00719829 0.00677725 
0.00576653 0.00676708 0.00695318 0.00687117 0.00716844 0.00770841 0.00687772 
0.00569541 0.00609795 0.00771369 0.00649945 0.00658897 0.00645356 0.00691246 
0.00617626 0.00674425 0.00670064 0.00571701 0.00517908 0.00689929 0.0071429 
0.0059025 0.00613182 0.00644053 0.00675605 0.00707557 0.00756012 0.00690658 
0.00600613 0.00663376 0.00647329 0.00658986 0.00622153 0.00705339 0.00747061 
0.00604961 0.00584345 0.00602843 0.00624171 0.00614809 0.00699675 0.00710329 
0.00645709 0.00701702 0.00641605 0.00649188 0.0069305 0.00721453 0.00696492 
0.00526109 0.00663568 0.00531353 0.00613736 0.00681339 0.00661116 0.00689676 
0.00681369 0.00653392 0.0068534 0.00631944 0.00664238 0.00670049 0.00517877 
0.00646199 0.00671985 0.00702305 0.0061839 0.00697381 0.00642992 0.00635207 
0.00603153 0.00713371 0.00609687 0.00614114 0.0064207 0.00655365 0.0060285 
0.00628477 0.00696569 0.00644931 0.0065521 0.00659331 0.00659634 0.0058621 
0.00545815 0.00546981 0.00623609 0.00551971 0.00613724 0.00564227 0.00565754 
0.00472501 0.00537062 0.00572345 0.00687557 0.0058062 0.00604514 0.00572392 
0.0050502 0.00666295 0.00614959 0.0064925 0.00700038 0.00632725 0.00582051 
0.005939 0.00612236 0.00649315 0.00522287 0.00602534 0.00688747 0.00607505 
0.00550934 0.00610345 0.0060152 0.00607971 0.00686801 0.006184 0.00570838 
0.00531071 0.00658105 0.00572213 0.00648641 0.00553956 0.00653395 0.00646783 
0.00567548 0.00652104 0.00608676 0.00541518 0.00673239 0.00709364 0.00690415 
0.00542086 0.00613572 0.00622238 0.00609712 0.00583011 0.0064483 0.00663971 
0.00425144 0.00633001 0.00668077 0.00567078 0.00643372 0.007383 0.00694027 
0.00728334 0.00731996 0.00767375 0.00655084 0.00879278 0.00690346 0.00669757 
0.0067502 0.00665499 0.00666083 0.00659883 0.00676741 0.00668501 0.00664461 
0.00664239 0.00683816 0.00671118 0.00685192 0.00662152 0.00671427 0.00645893 
0.00671717 0.00674494 0.00658878 0.00664373 0.0066763 0.00666835 0.0065067 
