1 1 1 1 1 1 1 
1 1 1 1 1 1 1 
2.26553 0.777883 0.826092 0.842701 1 1 1 
0.793152 1.03759 1.94792 0.766356 1.28515 0.512441 1 
1.19848 1.09017 0.932176 1.07328 1.04389 1.03937 1.06507 
0.955048 1.02425 1.0551 1.0004 0.859516 0.978004 1.05156 
0.856442 1.05619 1.08012 1.05519 1.10183 1.01728 1.03364 
0.992207 1.05729 1.09369 1.07742 1.07249 1.16885 1.3637 
1.09907 1.03176 1.07597 1.04418 1.06836 0.962819 1.53483 
1.00943 1.05745 1.04985 1.04393 1.05838 1.08041 1.05411 
0.971872 1.07986 1.07065 1.05858 1.04543 1.0956 0.846647 
1.08892 1.09104 1.03696 1.10015 1.03836 1.05314 1.14299 
0.871835 1.0785 1.08039 1.0699 1.06125 1.06588 1.4784 
1.19488 1.13132 1.10975 1.17169 1.08422 1.05922 1.35551 
1.1656 1.13738 1.05026 1.10746 1.06705 1.127 1.66612 
0.977238 1.08452 1.07515 1.08007 1.03791 1.1256 0.818068 
1.2641 1.11401 1.12391 1.23794 1.14658 1.11305 1.18367 
1.04533 1.00029 1.03922 1.12401 1.04385 1.02665 1.03664 
1.44412 1.05411 1.04637 1.08662 1.09625 1.13457 0.845246 
1.06548 1.02388 1.09098 1.06967 1.07825 1.03832 0.869399 
0.285917 1.04605 1.16421 1.06662 1.03869 1.13774 0.879154 
1 1 1 0.818972 0.884669 0.302126 1 
1 1 1 1 1 1 1 
1 1 1 1 1 1 1 
1 1 1 1 1 1 1 
1 1 1 1 1 1 1 
1 1 1 1 1 1 1 
