0.0151679 0.0147854 
0.0142168 0.0153593 
0.0138932 0.0149014 
0.0146893 0.0145862 
0.0389851 0.0146479 
0.0237288 0.0139243 
0.0281822 0.0144001 
0.0153172 0.0146238 
0.015309 0.0307241 
0.018677 0.0291068 
0.0192223 0.0332002 
0.0181279 0.0266709 
0.0189785 0.0301524 
0.0164675 0.0180597 
0.0192851 0.0337219 
0.0189802 0.0318947 
0.0203281 0.018615 
0.0164794 0.046631 
0.0150492 0.0149325 
0.015278 0.0146669 
0.014592 0.0142204 
0.0150266 0.01456 
0.0147363 0.0146537 
0.0137642 0.0150628 
0.0145299 0.0142408 
0.0145317 0.0139498 
