1 1 1 1 1 1 1 
1 1 1 1 1 1 1 
1.64073 1.14704 1.075 0.68881 1 1 1 
0.810473 0.974265 0.955328 0.820965 0.843363 1.01423 1 
0.951726 1.0311 1.02261 1.07899 0.985096 0.907459 0.898713 
1.00729 1.04271 1.01292 1.07479 1.06708 1.07747 1.05425 
1.01694 1.08695 1.05567 1.05833 1.05704 1.06721 0.899107 
1.06625 1.05189 1.03911 1.05976 1.04427 1.05218 1.01198 
1.05566 1.04828 1.02813 1.06832 1.03836 1.0338 1.01057 
1.03546 1.06286 1.03821 1.08471 1.04254 1.06642 1.05315 
1.04312 1.0922 1.07785 1.0716 1.0524 1.0493 1.01534 
0.963855 1.07502 1.06172 1.07464 1.0568 1.06313 0.960272 
1.06914 1.06589 1.05049 1.0499 1.03549 1.03599 1.08742 
1.08236 1.02625 1.07334 1.03051 0.995225 1.0549 1.04115 
0.962067 1.06402 1.04216 1.05709 1.04071 1.07492 0.878793 
1.08647 1.05502 1.06531 1.03841 1.04648 1.05461 1.00191 
1.1436 1.07154 1.0678 1.06861 1.02361 1.04138 0.911618 
1.05732 1.06905 1.05424 1.03163 1.0489 1.06801 0.939112 
1.07694 1.06762 1.04801 1.05741 1.03629 1.04382 1.05912 
0.946508 1.06097 1.05798 1.03726 1.03248 1.02696 0.840063 
1.29733 1.00261 1.02315 1.04561 1.02248 1.04335 0.975317 
1 0.642092 0.484397 0.801744 1.19363 0.786768 0.727827 
1 1 1 1 1 1 1 
1 1 1 1 1 1 1 
1 1 1 1 1 1 1 
1 1 1 1 1 1 1 
1 1 1 1 1 1 1 
