0.00982544 0.00954864 0.00978764 0.0094757 0.00983972 0.00976949 0.00906697 
0.0091446 0.0088392 0.00914871 0.00893938 0.00919595 0.00978967 0.00905424 
0.00964312 0.00912534 0.0100808 0.00992302 0.00996411 0.0102514 0.00900593 
0.00874617 0.0169912 0.0086922 0.0100246 0.00913957 0.0086349 0.00905332 
0.00908681 0.00573311 0.0197663 0.00965783 0.00961389 0.00919673 0.0093866 
0.0106241 0.0153018 0.0145026 0.0157573 0.0101184 0.00927683 0.00926763 
0.0101035 0.00762485 0.00655891 0.0112389 0.0103109 0.0100269 0.00937014 
0.0106244 0.00773656 0.00734826 0.0132178 0.00995041 0.0101119 0.00934444 
0.0113321 0.00960634 0.00850175 0.0121862 0.00928426 0.00926139 0.00909107 
0.00805325 0.010227 0.00764361 0.0106175 0.00929074 0.00939894 0.00892903 
0.00975997 0.00832885 0.00899997 0.00800684 0.0089726 0.0100054 0.0092037 
0.00747435 0.00862738 0.00928422 0.00629508 0.00716219 0.0096934 0.0101289 
0.00744301 0.00882654 0.00751436 0.00579748 0.00769335 0.00979282 0.00927465 
0.00831834 0.00862229 0.00771139 0.00797462 0.00768575 0.00866988 0.0123067 
0.00824769 0.00848587 0.00858501 0.00700466 0.00735721 0.00817527 0.00698961 
0.00745772 0.00770507 0.00730848 0.00773026 0.00650365 0.00812056 0.00854299 
0.00777169 0.00861489 0.00816002 0.0070479 0.00637764 0.00936632 0.00927901 
0.00781869 0.00929986 0.00828731 0.00859722 0.0143072 0.0120553 0.00997447 
0.0106321 0.00887124 0.00838015 0.0126883 0.00866363 0.0100669 0.00960183 
0.00974936 0.0134178 0.0129003 0.0132079 0.0109254 0.00960687 0.00892951 
0.00936617 0.00952226 0.00992026 0.0095468 0.0103497 0.00939536 0.00962686 
0.00914499 0.00948025 0.00967448 0.00949927 0.0094275 0.00964331 0.0091583 
0.0096239 0.00954259 0.0097283 0.0094697 0.00967932 0.00939855 0.00967468 
0.00947062 0.00995191 0.00897738 0.00916217 0.00912727 0.00920815 0.00922867 
0.00919222 0.0091144 0.00907519 0.00903764 0.00899233 0.00909155 0.00868204 
0.00916043 0.0091658 0.00923491 0.00938607 0.00912814 0.00921357 0.00883847 
0.00925108 0.00944274 0.00926178 0.0092082 0.00915844 0.00922431 0.00898444 
