0.00682349 0.00704086 0.00702169 0.00746078 0.00725517 0.007196 0.00669568 
0.00720874 0.00718929 0.00694081 0.00697069 0.00699149 0.00719829 0.00677725 
0.00714703 0.0102107 0.00798243 0.0130034 0.00739783 0.00770841 0.00687772 
0.00683506 0.00678348 0.00714122 0.00828064 0.00879226 0.00670593 0.00691246 
0.00607318 0.00714316 0.00701642 0.00674874 0.00799659 0.00735785 0.00790289 
0.0068562 0.00654461 0.00657245 0.00719304 0.0077928 0.00768987 0.00623506 
0.00607767 0.00740357 0.00681113 0.00704298 0.00684515 0.00705254 0.00706257 
0.00720629 0.00614695 0.00631851 0.00671941 0.00663013 0.00708863 0.00513671 
0.00748193 0.00738437 0.00677542 0.00689599 0.00733876 0.00720622 0.00615866 
0.00608246 0.00697277 0.00544081 0.00641698 0.00718254 0.00706494 0.00545889 
0.00677784 0.00713055 0.00726496 0.00678604 0.00682711 0.00694399 0.00609011 
0.00751737 0.00730665 0.00745153 0.00656914 0.00719469 0.00671044 0.0060621 
0.00609754 0.00754733 0.00631748 0.00641495 0.0066462 0.00667762 0.0070827 
0.00619937 0.00744917 0.00675972 0.00684704 0.00680978 0.0070718 0.00571361 
0.00625173 0.00562355 0.00645776 0.00575209 0.00615369 0.00579825 0.00458091 
0.00453066 0.00555604 0.00583679 0.00721457 0.00600341 0.00625493 0.00574235 
0.00452893 0.0071438 0.00646972 0.00680994 0.00715997 0.006473 0.00616825 
0.00795907 0.00633408 0.00677385 0.00543234 0.00632792 0.00749322 0.00604757 
0.00517267 0.00628333 0.00621175 0.00631337 0.00673949 0.00620092 0.00597322 
0.00553877 0.00686782 0.00593177 0.00670875 0.00573449 0.0066205 0.00480611 
0.00640864 0.00687817 0.00631975 0.00566228 0.00703253 0.00709694 0.00672883 
0.00699276 0.00475771 0.00374881 0.00855964 0.00730182 0.00448394 0.00488317 
0.0071943 0.00703389 0.00718243 0.00724348 0.00726403 0.00701574 0.00694027 
0.00723942 0.00740629 0.00659941 0.00667847 0.00664882 0.00690346 0.00669757 
0.0067502 0.00665499 0.00666083 0.00659883 0.00676741 0.00668501 0.00664461 
0.00664239 0.00683816 0.00671118 0.00685192 0.00662152 0.00671427 0.00645893 
0.00671717 0.00674494 0.00658878 0.00664373 0.0066763 0.00666835 0.0065067 
