0.011377 0.0110453 
0.0148413 0.0114202 
0.0124103 0.0151941 
0.0125214 0.0166448 
0.0144742 0.021116 
0.0142606 0.0118245 
0.0116017 0.0126712 
0.0109984 0.0117367 
0.0109689 0.0114452 
0.0124125 0.0112641 
0.0110097 0.0107093 
0.0107833 0.0113519 
0.0108011 0.0119976 
0.0102533 0.0104175 
0.0118529 0.0134378 
0.0118665 0.0119876 
0.0136522 0.0131043 
0.0138435 0.0120607 
0.0125764 0.0126113 
0.013185 0.0124481 
0.0120035 0.0126424 
0.0147844 0.0176482 
0.011041 0.0109709 
0.0102477 0.0111441 
0.0109434 0.0104685 
0.0108126 0.0104286 
