0.011377 0.0110453 
0.0107172 0.0114202 
0.00995822 0.0109297 
0.011379 0.0107382 
0.0153968 0.0108303 
0.0155379 0.0153782 
0.0152215 0.0228219 
0.0129958 0.0133201 
0.0130873 0.0130131 
0.0138684 0.0128579 
0.0135311 0.0118834 
0.0124986 0.0125586 
0.0135201 0.0129831 
0.0122753 0.0111927 
0.0132691 0.0144418 
0.0132264 0.0127314 
0.0153365 0.0137276 
0.0158727 0.0131445 
0.0148404 0.0143855 
0.0158038 0.0142789 
0.0141617 0.0130471 
0.0225022 0.0106639 
0.011041 0.0109709 
0.0102477 0.0111441 
0.0109434 0.0104685 
0.0108126 0.0104286 
