0.00682349 0.00704086 0.00702169 0.00746078 0.00725517 0.007196 0.00669568  
0.00720874 0.00718929 0.00694081 0.00697069 0.00699149 0.00719829 0.00677725 
0.00714703 0.0104745 0.00624779 0.00756314 0.00739783 0.00770841 0.00687772 
0.00776836 0.0064539 0.0073292 0.00723011 0.0126562 0.00590835 0.00691246 
0.00776975 0.00717181 0.00699249 0.00656576 0.015227 0.00747008 0.00506819 
0.00607016 0.00632452 0.0062486 0.00684851 0.00785158 0.0117794 0.0328913 
0.00709662 0.00737623 0.00725746 0.00710481 0.00667519 0.00726015 0.011314 
0.00734266 0.00642529 0.00614725 0.00627085 0.00661688 0.00697315 0.00513625 
0.00593078 0.00775384 0.00706338 0.00704096 0.00723833 0.00729634 0.00532806 
0.00673864 0.00690666 0.00573227 0.00632531 0.00754904 0.00696958 0.00498133 
0.00685804 0.00679827 0.00653258 0.00661913 0.00680778 0.00718425 0.00705786 
0.00620563 0.00746071 0.00741461 0.00626598 0.00689578 0.00655832 0.00640204 
0.00538953 0.00754809 0.00643576 0.00628023 0.00664633 0.00670692 0.00766738 
0.00610896 0.00778744 0.00672793 0.00701545 0.00675221 0.00757111 0.00194126 
0.00748399 0.00569344 0.00657381 0.00593973 0.00604586 0.00566081 0.00577857 
0.00381039 0.00589783 0.00555298 0.0075003 0.00574307 0.00644085 0.00501695 
0.00508127 0.00678802 0.00629054 0.0070412 0.00674324 0.00751007 0.00487232 
0.00774124 0.00634964 0.00647866 0.00554321 0.0055538 0.00758988 0.00301894 
0.00586706 0.00597692 0.00624583 0.00600731 0.00690365 0.00584337 0.00723518 
0.00535517 0.00667091 0.00572784 0.00674069 0.00580257 0.00613912 0.00627975 
0.00501876 0.00676866 0.00602445 0.00561266 0.00695669 0.00715355 0.0122524 
0.00699276 0.00136365 0.00160114 0.00654066 0.00363201 0.00377045 0.00663971 
0.0071943 0.00703389 0.00718243 0.00724348 0.00726403 0.00701574 0.00694027 
0.00723942 0.00740629 0.00659941 0.00667847 0.00664882 0.00690346 0.00669757 
0.0067502 0.00665499 0.00666083 0.00659883 0.00676741 0.00668501 0.00664461 
0.00664239 0.00683816 0.00671118 0.00685192 0.00662152 0.00671427 0.00645893 
0.00671717 0.00674494 0.00658878 0.00664373 0.0066763 0.00666835 0.0065067 
