1 1 1 1 1 1 1 
1 1 1 1 1 1 1 
1 1.52236 0.831122 1 1 1 1 
1.14674 0.952157 0.97815 0.840722 1.5016 0.915518 1 
1.23028 1.0426 1.02549 1.04609 2.11494 0.980696 0.709543 
0.982653 1.01139 0.968128 1.03714 1.11029 1.9224 3.76001 
1.19802 1.0661 1.12114 1.06238 1.02259 1.08077 1.66461 
1.14951 1.09235 1.01118 0.982117 1.05031 1.03641 1.06659 
0.815581 1.10296 1.0913 1.08358 1.02569 1.04548 0.897171 
1.23649 1.04804 1.109 1.05733 1.0991 1.0478 0.928306 
0.978482 1.04759 0.955556 1.04228 1.04427 1.08954 1.29454 
0.795879 1.10544 1.04461 1.02429 1.00486 1.02194 1.06893 
0.884237 1.06675 1.07541 1.029 1.03655 1.03343 1.2768 
1.06381 1.08197 1.06691 1.06484 1.00729 1.13999 0.330273 
1.25861 1.05543 1.05418 1.09229 1.01084 1.03895 1.16646 
0.866568 1.11691 0.999332 1.06627 0.993797 1.0787 0.874747 
1.22951 1.00735 1.03439 1.10354 0.960266 1.21131 0.750835 
1.13632 1.05333 0.991048 1.05702 0.928332 1.08956 0.478008 
1.17235 0.988809 1.04569 0.991878 1.04199 0.980235 1.33019 
0.940984 1.02809 1.01729 1.04184 1.06246 0.937553 1.15175 
0.97472 0.976639 0.95678 1.02216 0.989973 1.06196 1.79061 
1 0.19129 0.210419 0.704379 0.642637 0.599255 1 
1 1 1 1 1 1 1 
1 1 1 1 1 1 1 
1 1 1 1 1 1 1 
1 1 1 1 1 1 1 
1 1 1 1 1 1 1 
