1 1 1.20213 1 1 1 1 
1 1.02138 1.078 1.2251 1.77782 1 1 
0.806843 0.983523 0.924959 0.908508 0.968992 1 1 
0.824171 0.806663 0.399797 0.870159 0.994135 1 1 
0.735698 0.832958 1.0217 0.656491 0.316504 1 1 
1.05808 1.03461 0.996464 1.24174 1.54007 1.08424 1 
1.00933 1.02739 1.02816 1.13854 1.17843 0.937266 1 
0.976585 1.0178 1.01272 1.00001 1.01079 0.917594 1 
1.04146 1.02793 1.03799 1.03747 1.05527 1.02717 1 
1.00089 1.01568 1.02099 1.04886 1.02795 0.952694 0.996891 
1.03147 1.01269 1.01266 1.02356 1.0412 1.03885 0.854155 
0.986755 1.00856 1.00804 1.00442 1.03832 1.03024 1.07873 
0.971132 1.03555 1.01296 1.01374 1.03731 1.04055 0.952384 
1.0259 1.02641 1.03398 1.03678 1.03598 1.03698 0.984646 
0.92556 0.993122 1.01364 0.980168 0.997125 0.971781 0.970128 
0.910794 0.999148 0.998208 1.02835 1.03415 1.04606 1.03838 
1.01522 1.0415 1.02379 1.04767 1.05801 1.06551 0.986959 
1.01742 1.03406 1.05337 1.01681 1.02291 1.03585 1.07829 
1.05242 1.02893 1.03527 1.03575 1.05345 1.02324 0.95987 
0.895302 1.04926 1.03878 1.05084 1.03514 0.992213 0.961841 
0.818091 0.935881 1.08656 1.07492 1.09543 1.01232 1 
0.77521 0.860702 0.817735 1.06722 0.874299 0.891159 1 
0.590946 0.89993 0.930155 0.782881 0.885696 1.05235 1 
1.00607 0.988344 1.16279 0.980889 1.32246 1 1 
1 1 1 1 1 1 1 
1 1 1 1 1 1 1 
1 1 1 1 1 1 1 
