0.00682349 0.00704086 0.00702169 0.00746078 0.00725517 0.007196 0.00669568 
0.00720874 0.0095776 0.00924774 0.0112852 0.00699149 0.00719829 0.00677725 
0.00714703 0.00767098 0.0070526 0.00917126 0.00739783 0.00770841 0.00687772 
0.00682048 0.00594281 0.00511544 0.00813634 0.00662784 0.00645356 0.00691246 
0.00621771 0.00641693 0.00663365 0.00824313 0.00994009 0.00689929 0.0071429 
0.00604972 0.00638681 0.00606423 0.00760982 0.013238 0.00697276 0.00690658 
0.00625808 0.00659455 0.00575956 0.00504937 0.00440402 0.0078782 0.00747061 
0.00582376 0.00560936 0.00561297 0.0056846 0.00607235 0.00718455 0.00710329 
0.00670534 0.00665201 0.00605582 0.00665222 0.00662096 0.00683297 0.00696492 
0.00517406 0.00638233 0.00544191 0.0061583 0.00639749 0.00683365 0.00691827 
0.00665494 0.00656658 0.00668371 0.00658245 0.00675526 0.00711286 0.00540142 
0.00673943 0.0063592 0.00694409 0.00625775 0.00673225 0.00673098 0.00558288 
0.00592204 0.00677637 0.00611878 0.00561004 0.00592641 0.00685955 0.00553511 
0.00684617 0.00688828 0.00613778 0.00635169 0.0062203 0.00690532 0.0059102 
0.00572763 0.00561508 0.00652932 0.00561044 0.00645246 0.00561138 0.00701469 
0.0050333 0.00569229 0.00566682 0.00674095 0.00592908 0.00632552 0.00446274 
0.0051772 0.00690682 0.00632299 0.00634127 0.00678961 0.00678186 0.00518299 
0.00587332 0.00635584 0.00627342 0.00534119 0.00592959 0.00745493 0.00595181 
0.00564175 0.00615082 0.00601246 0.00619785 0.00674121 0.00648494 0.00703444 
0.00590288 0.00679153 0.00571503 0.00630199 0.00533106 0.00679356 0.00672443 
0.00693747 0.00677966 0.00612643 0.00532123 0.00688147 0.00649039 0.00690415 
0.00699276 0.00615951 0.00569793 0.00600127 0.00576998 0.00695393 0.00663971 
0.0071943 0.00690045 0.00550351 0.00606078 0.00968829 0.00701574 0.00694027 
0.00723942 0.00740629 0.00706726 0.0090344 0.00664882 0.00690346 0.00669757 
0.0067502 0.00665499 0.00666083 0.00659883 0.00676741 0.00668501 0.00664461 
0.00664239 0.00683816 0.00671118 0.00685192 0.00662152 0.00671427 0.00645893 
0.00671717 0.00674494 0.00658878 0.00664373 0.0066763 0.00666835 0.0065067 
