0.0151679 0.0147854 
0.0142168 0.0153593 
0.00561045 0.0149014 
0.020541 0.0145862 
0.0216123 0.0245731 
0.0244101 0.0187145 
0.0199613 0.0186802 
0.016836 0.0219094 
0.0171717 0.0176615 
0.0192158 0.0176272 
0.0197142 0.0153826 
0.0167055 0.0170652 
0.017815 0.0176839 
0.0155143 0.0143673 
0.0187079 0.0203794 
0.0183265 0.0172543 
0.0205975 0.0179171 
0.0209906 0.0175023 
0.0193139 0.0177486 
0.0227849 0.0175056 
0.0158581 0.0170279 
0.0150266 0.01456 
0.0147363 0.0146537 
0.0137642 0.0150628 
0.0145299 0.0142408 
0.0145317 0.0139498 
