0.00982544 0.0100412 0.00797338 0.0094757 0.00983972 0.00976949 0.00906697 
0.0091316 0.0094886 0.00898155 0.00949156 0.0115515 0.0103272 0.00905424 
0.0068536 0.00902305 0.00820899 0.00839792 0.00834873 0.00924278 0.00900593 
0.00804977 0.00840395 0.00920401 0.00839869 0.00906917 0.00827514 0.00905332 
0.00881797 0.00792794 0.00914143 0.00814517 0.00899444 0.0093218 0.0093866 
0.00747024 0.00845496 0.00827593 0.00833499 0.00977503 0.00812983 0.0115396 
0.00821753 0.00858829 0.0082177 0.00814805 0.00831647 0.00870873 0.00855106 
0.00813501 0.00769197 0.00723726 0.00846958 0.00844949 0.0082037 0.0108439 
0.00947236 0.00879418 0.00861296 0.00906941 0.00964831 0.00957896 0.00909107 
0.00748959 0.00866012 0.00730345 0.00814652 0.00960847 0.00881839 0.0101528 
0.00842235 0.00844718 0.0091851 0.00772995 0.00919473 0.00894759 0.00750311 
0.0089287 0.00876875 0.00970074 0.00833549 0.00913814 0.00874422 0.00929386 
0.00825021 0.00929812 0.00779944 0.00767082 0.00895344 0.0089755 0.00802686 
0.00953098 0.00877136 0.00822267 0.00926623 0.00865294 0.0090865 0.00829286 
0.00774325 0.00839676 0.0088171 0.00805263 0.00869848 0.00814664 0.00916458 
0.00730582 0.00794233 0.00820095 0.0095166 0.0082205 0.00844506 0.00677733 
0.0077386 0.0093215 0.00847937 0.00914345 0.00931048 0.00902464 0.00760487 
0.0077928 0.00857195 0.00902846 0.00751794 0.00821311 0.00956798 0.00894752 
0.007585 0.00847656 0.00865432 0.00889695 0.00961364 0.00896617 0.00828761 
0.00774023 0.00919515 0.00789048 0.00899991 0.00794731 0.00874143 0.00835241 
0.00766577 0.00893719 0.00833471 0.00737207 0.00956477 0.00868032 0.00852053 
0.00730143 0.00843527 0.00810693 0.00823811 0.00796639 0.00806608 0.00660501 
0.00710054 0.00867917 0.00874614 0.00737837 0.00886741 0.00899634 0.00967468 
0.0065319 0.00854195 0.00986909 0.00960843 0.00860283 0.00696029 0.00922867 
0.00862004 0.0117127 0.0135357 0.00903764 0.00899233 0.00909155 0.00868204 
0.00916043 0.0091658 0.00923491 0.00938607 0.00912814 0.00921357 0.00883847 
0.00925108 0.00944274 0.00926178 0.0092082 0.00915844 0.00922431 0.00898444 
