0.011377 0.0110453 
0.0107172 0.0114202 
0.0105213 0.0109297 
0.0136213 0.0149381 
0.0163194 0.0141609 
0.0164911 0.0128479 
0.0134049 0.0125824 
0.0121706 0.0115817 
0.0124236 0.0120327 
0.0132543 0.0124813 
0.0126169 0.010663 
0.0113489 0.0113208 
0.012215 0.0118028 
0.0111277 0.010024 
0.0123516 0.0130417 
0.0116966 0.0110797 
0.0145486 0.012849 
0.0150539 0.0123116 
0.013759 0.0129804 
0.012785 0.0124462 
0.0109552 0.0105201 
0.0112565 0.0106639 
0.011041 0.0109709 
0.0102477 0.0111441 
0.0109434 0.0104685 
0.0108126 0.0104286 
