0.0112611 0.0109765 
0.014507 0.0134713 
0.0137534 0.0153022 
0.011553 0.0147607 
0.0130199 0.0137951 
0.0162215 0.0122018 
0.0116093 0.0144584 
0.0122139 0.012126 
0.0116807 0.0114362 
0.0123133 0.0119133 
0.010979 0.0117762 
0.0115014 0.0118929 
0.012956 0.0122987 
0.0114455 0.0115669 
0.012918 0.0149881 
0.015146 0.0133354 
0.0135752 0.0121524 
0.0139214 0.0119295 
0.013174 0.0143826 
0.0141546 0.0136386 
0.0154475 0.0141114 
0.015135 0.0148809 
0.0134022 0.0131266 
0.0103054 0.0109091 
0.0109469 0.0103703 
0.0108986 0.0102534 
