0.258856 0.865343 1.10635 2.82764 1.24752 1 1 
0.530499 1.11272 1.05119 1.17187 1.23057 1.04862 1 
0.828959 0.942954 1.05665 0.931961 1.09339 1.08033 0.934339 
0.788665 0.944663 0.971253 0.988039 0.934132 0.883499 0.82488 
1.00933 0.982238 0.991081 0.987531 0.990787 0.978742 0.912298 
0.986869 1.00369 0.996365 0.999809 0.997445 0.987879 1.02613 
0.978914 0.98844 0.990814 1.02152 0.997727 1.03406 0.987754 
0.995222 0.992686 1.01248 1.00745 0.993225 0.987933 0.978553 
0.97832 1.02946 1.00426 1.0193 1.02568 1.02806 1.01365 
1.05221 0.897821 1.01176 1.00889 1.03451 1.01904 0.995196 
0.997427 1.01887 1.00418 1.01644 1.01963 1.02123 0.996124 
0.994872 1.0129 1.01186 1.00719 1.02366 1.01584 0.976781 
0.993761 1.02022 1.02382 1.02316 1.01416 1.03395 0.979408 
0.994266 1.01679 1.01475 1.03317 1.01577 1.00369 1.04711 
0.978803 1.0067 1.01112 0.986982 1.00145 0.976016 0.962242 
0.964832 0.994237 0.97837 1.0136 1.009 0.999615 1.02582 
0.978574 1.02486 0.993972 1.02395 1.01971 1.01072 0.987494 
0.979254 1.0011 1.01266 1.00221 0.98467 0.999316 0.995366 
0.951774 1.00237 1.03087 1.02146 1.02796 1.01639 0.970283 
0.941984 1.00386 0.958376 1.00006 0.98371 1.00309 0.985321 
1.00486 1.04082 1.00387 1.00423 1.02171 1.02177 0.986139 
0.892097 1.02023 1.11427 1.15041 1.10697 1.0213 0.965085 
0.62456 0.913078 1.00422 1.02666 1.07392 0.95152 0.879392 
0.861434 0.95871 1.12928 1.07711 1.17607 1.12421 1.02298 
1 1.51048 1.79957 1.85061 1.5119 1.49766 1 
1 1 1 1 1 1 1 
1 1 1 1 1 1 1 
