0.00179515 0.00605694 0.00778063 0.0210538 0.0092453 0.0074044 0.00689057 
0.00381651 0.0080171 0.00731651 0.00815358 0.00856528 0.0074567 0.00714522 
0.00587366 0.00733965 0.00784118 0.00838896 0.00800869 0.00822406 0.00673405 
0.00645003 0.00655659 0.00757899 0.00710854 0.00712881 0.00723187 0.00571863 
0.00758355 0.0065916 0.0072654 0.00674402 0.00724117 0.0076707 0.00874443 
0.0059973 0.00689061 0.00720625 0.007554 0.00690751 0.00681822 0.00817132 
0.00773829 0.00915416 0.00944985 0.00703081 0.00787771 0.0071163 0.0100207 
0.00669054 0.00684062 0.00667155 0.0065253 0.00834681 0.0085485 0.00692783 
0.00706999 0.00783602 0.00690429 0.00686426 0.00706159 0.0072202 0.00718222 
0.00672165 0.0043776 0.00696461 0.00666594 0.00742424 0.00734609 0.00857554 
0.00766435 0.00738874 0.00754908 0.00732935 0.00779173 0.00723847 0.00579308 
0.0065903 0.00709665 0.00740817 0.00705484 0.00777431 0.00663224 0.00433115 
0.00628035 0.00731247 0.00707502 0.00705985 0.00648391 0.00701746 0.00505273 
0.00818045 0.0077244 0.00726664 0.00677379 0.00751002 0.00714386 0.00881951 
0.00594006 0.00655247 0.00655757 0.00586101 0.00638536 0.00575171 0.00523433 
0.00525602 0.00576971 0.00578892 0.00725493 0.0060514 0.00589392 0.00505797 
0.00525465 0.00655156 0.00634166 0.00679501 0.00683479 0.00663012 0.00635869 
0.00617633 0.00659402 0.00635699 0.00580083 0.00614781 0.00706348 0.00697505 
0.00560839 0.00623465 0.00693239 0.00651993 0.00741632 0.00650998 0.00576823 
0.00493765 0.00712803 0.00542856 0.00648394 0.00577498 0.00668474 0.00736972 
0.00606431 0.00681965 0.0063379 0.00581202 0.00715957 0.00719254 0.00683982 
0.00561618 0.00638986 0.00659985 0.00638117 0.0064692 0.00655164 0.00567632 
0.0044618 0.00635954 0.00693025 0.00613875 0.00751069 0.00662066 0.00624231 
0.00618103 0.00702159 0.00739126 0.00717361 0.00781225 0.00768551 0.00696927 
0.00665938 0.0100012 0.011921 0.0120937 0.010203 0.0100085 0.00673107 
0.0066001 0.00682934 0.00665154 0.00678469 0.00658043 0.00667408 0.00663059 
0.00666537 0.0067302 0.00651425 0.00660983 0.0066625 0.00658253 0.00653854 
