1 1 1 1 1 1 1 
1 1 1 1 1 1 1 
1 0.737587 0.915813 0.98914 0.725578 1 1 
1.04614 1.05366 1.02275 0.995818 1.0079 1.04854 1 
0.973999 1.05092 1.01468 1.0384 1.03624 1.02689 1.17515 
1.02431 1.0232 1.01409 1.03333 1.04007 1.07455 0.845292 
1.03562 1.05382 1.03724 1.05061 1.03075 1.04016 1.32131 
1.02255 1.03022 1.02654 1.03625 1.03618 1.05563 0.821352 
1.00906 1.03582 1.02285 1.03237 1.03194 1.02771 0.989001 
0.976504 1.06504 1.0257 1.04993 1.01711 1.07834 0.894145 
1.03277 1.05787 1.05924 1.04297 1.03208 1.05461 0.969769 
1.026 1.05221 1.03392 1.03512 1.0363 1.01195 1.1072 
1.01972 1.02863 1.0266 1.03213 1.03507 1.01405 1.03457 
1.00578 1.02883 1.02125 1.01649 1.00951 1.04979 0.956877 
1.00873 1.01609 1.02404 1.01907 1.01333 1.02465 0.914052 
1.00844 1.02412 1.02173 1.01661 1.01771 1.03202 1.01598 
1.00742 1.01862 1.01429 1.02416 1.03074 1.03644 0.987552 
1.04547 1.0306 1.03619 1.0132 1.01663 1.05219 0.95099 
1.02995 1.03804 1.0232 1.04908 1.01553 1.03124 1.17734 
1.05521 1.01752 1.03193 1.00775 1.03959 1.06206 0.973527 
0.944221 1.01379 1.01067 1.01855 1.02682 1.02942 0.958544 
1 1.02317 1.07531 1.33203 0.982439 1.11578 1 
1 1 1 1 1 1 1 
1 1 1 1 1 1 1 
1 1 1 1 1 1 1 
1 1 1 1 1 1 1 
1 1 1 1 1 1 1 
