0.0112611 0.0109765 
0.0106305 0.0113002 
0.0103929 0.0108708 
0.0151131 0.0193291 
0.0173041 0.0187711 
0.0236499 0.0167846 
0.015566 0.0211465 
0.0168183 0.0177781 
0.0162045 0.0159503 
0.0173591 0.0174779 
0.0149086 0.0173112 
0.0174712 0.0168546 
0.0207728 0.0164225 
0.0175001 0.0162689 
0.019871 0.0243598 
0.0291164 0.020479 
0.018796 0.0172451 
0.0212434 0.0168498 
0.0205477 0.0214432 
0.0217461 0.0189516 
0.0108162 0.0104423 
0.0112229 0.0106193 
0.010877 0.0107131 
0.0103054 0.0109091 
0.0109469 0.0103703 
0.0108986 0.0102534 
