0.0112611 0.0109765 
0.0106305 0.0113002 
0.0103929 0.0108708 
0.0146282 0.0183343 
0.0163485 0.0164294 
0.0197706 0.0142175 
0.0150423 0.018106 
0.015065 0.0142887 
0.0146216 0.0137071 
0.0143568 0.014457 
0.0128173 0.0150465 
0.0138197 0.0147586 
0.0162407 0.01553 
0.014536 0.0143244 
0.0153925 0.0202463 
0.0181659 0.0173606 
0.0168474 0.0140547 
0.0179704 0.0148769 
0.0165565 0.017836 
0.0156608 0.0151218 
0.0108162 0.0104423 
0.0112229 0.0106193 
0.010877 0.0107131 
0.0103054 0.0109091 
0.0109469 0.0103703 
0.0108986 0.0102534
