0.277423 1.01007 1.2752 2.35994 1.1336 1 1 
0.574778 0.94231 1.06353 1.12966 1.2332 1.37147 1 
0.846403 0.883808 1.00863 1.00594 1.12744 1.04786 1 
0.84001 0.956245 0.99719 0.991374 0.936752 0.931231 1.16959 
0.989542 1.00364 1.00071 0.997261 1.00283 0.991035 0.908264 
0.996124 1.00822 1.01218 1.01397 1.01728 1.02302 1.03283 
1.00766 1.03633 1.02592 1.03198 1.01948 1.0394 1.01574 
1.00225 1.02457 1.03427 1.01105 1.02764 1.00715 1.03832 
1.01688 1.02886 1.03232 1.03791 1.04142 1.0501 1.03678 
1.02894 0.975011 1.01423 1.03155 1.04099 1.02769 1.01881 
1.02092 1.02631 1.03053 1.02904 1.03558 1.04042 1.02177 
1.00554 1.0282 1.0295 1.03289 1.03468 1.04234 1.0216 
1.01811 1.03141 1.03668 1.03818 1.04663 1.04219 1.02447 
1.02001 1.02405 1.03317 1.03125 1.03775 1.03122 1.04228 
1.00067 1.02765 1.03498 1.02798 1.03721 1.0299 0.960487 
1.00614 1.03071 1.03956 1.02967 1.03166 1.03585 1.04162 
1.02642 1.03509 1.02558 1.04025 1.03478 1.03455 1.01297 
1.01247 1.03005 1.03712 1.0258 1.01888 1.02792 1.02284 
1.00003 1.04499 1.04228 1.04858 1.05654 1.06426 0.985545 
1.0085 1.01305 0.998657 1.01758 1.01395 1.02246 0.968892 
1.01935 1.06837 1.02345 1.03527 1.03948 1.03529 0.989965 
0.76587 0.948234 1.11452 0.99677 0.949598 0.990121 0.991271 
0.645352 0.968501 1.01301 0.796253 1.0047 0.970588 0.793489 
0.742862 0.956522 1.25477 1.18638 1.23995 1.05118 0.823518 
1 1.21437 1 1 1 1 1 
1 1 1 1 1 1 1 
1 1 1 1 1 1 1 
