1 1.10476 2.92072 1 1 1 1 
0.264584 0.971492 0.751032 1.34618 1.81024 1 1 
0.737349 0.700489 1.14295 1.2838 1.769 1 1 
0.78662 0.888924 0.889541 0.773753 0.791403 1 1 
0.989789 0.941493 0.974303 0.949939 0.957501 0.972579 1 
0.969504 0.997942 1.00098 1.00261 1.00573 0.979026 1.25853 
0.997059 1.0175 1.00446 1.01868 1.01442 0.999675 1 
0.995053 0.992922 1.0181 1.00168 0.974349 1.04156 1 
0.994407 1.00761 1.01455 1.0186 1.02837 1.02221 1.22487 
1.03771 0.947996 1.0161 1.01388 1.04456 1.01327 1.05926 
1.02087 1.01764 1.02175 1.01568 1.01861 1.02254 1.06757 
1.01883 1.02131 1.01446 1.01558 1.01493 1.03066 0.901862 
0.975682 1.0146 1.02217 1.02321 1.03634 1.03701 1.03562 
1.0379 1.01131 1.01492 1.02447 1.01863 1.01736 0.984696 
0.997444 1.01724 1.0204 1.01586 1.02392 1.01738 0.999173 
0.976802 1.01992 1.0159 1.01426 1.01135 1.01816 0.951421 
0.963024 1.00189 0.985901 1.02204 1.02367 1.01327 1.001 
0.989963 1.01471 1.01402 1.01203 1.00657 1.00084 1.08846 
0.988018 1.02038 1.02489 1.03226 1.0522 1.02917 0.98908 
0.959223 0.991519 0.968429 0.992546 0.985529 0.972582 1.11493 
0.975911 1.04005 0.994926 1.01036 1.00451 1.02939 1 
0.785499 0.892454 0.948123 1.14308 0.987252 0.971057 1 
0.777349 0.872469 0.966745 0.879973 0.936116 1.11141 1 
1 1.23165 1.31627 1.27533 1.49939 1 1 
1 1 1 1 1 1 1 
1 1 1 1 1 1 1 
1 1 1 1 1 1 1 
