1 1 1 1 1 1 1 
1 1 1 1 1 1 1 
0.584406 0.728586 1.0407 0.848938 0.778026 0.61154 1 
0.929885 1.02642 1.00966 1.00686 1.00767 0.973294 0.89789 
1.0388 1.03817 1.0155 1.04056 1.028 1.03266 0.890338 
0.992075 1.02568 1.02149 1.028 1.01463 1.03592 1.01051 
1.04134 1.07245 1.03762 1.04163 1.04466 1.05259 0.981916 
1.02959 1.03241 1.03193 1.01982 1.02092 1.05828 0.969204 
1.02688 1.02986 1.02315 1.03343 1.02441 1.01797 1.01653 
0.994722 1.03386 1.02184 1.02499 1.03402 1.02377 1.03443 
1.04597 1.06247 1.04082 1.05618 1.02389 1.0296 0.978149 
1.01674 1.04834 1.03455 1.03595 1.01738 1.02858 1.03065 
1.03864 1.03541 1.03022 1.02631 1.01763 1.0326 0.96458 
0.999358 1.03321 1.02228 1.03409 1.01126 1.04174 0.918537 
0.992655 1.03115 1.01882 1.02834 1.01982 1.02615 1.04272 
1.0241 1.02834 1.01893 1.02324 1.02057 1.02719 1.01386 
1.00873 1.02218 1.03087 1.02493 1.02273 1.02571 1.0127 
0.977256 1.03258 1.02954 1.03913 1.02178 1.02387 1.01042 
1.21391 0.991572 0.885701 0.869964 1.06861 1.05986 0.885511 
1 1 1.63693 1.3723 0.593415 0.594242 0.965893 
1 1 1 1 1 1.27246 1 
1 1 1 1 1 1 1 
1 1 1 1 1 1 1 
1 1 1 1 1 1 1 
1 1 1 1 1 1 1 
1 1 1 1 1 1 1 
1 1 1 1 1 1 1 
