0.00693493 0.00699947 0.00703269 0.00744571 0.00741094 0.0074044 0.00689057 
0.00719419 0.00720493 0.00696023 0.00695777 0.00696042 0.00711099 0.00714522 
0.00414086 0.00716127 0.0073303 0.0045215 0.00569874 0.00465535 0.00720729 
0.00580697 0.00759181 0.00675494 0.00754211 0.00811397 0.00704838 0.00622479 
0.00696377 0.00766753 0.00796924 0.0067374 0.00707026 0.00733237 0.00741736 
0.00590757 0.00684734 0.00720903 0.00765821 0.00930806 0.00687768 0.00675687 
0.00773119 0.0071333 0.00838027 0.00774297 0.00764018 0.00756853 0.00713931 
0.00676764 0.00708159 0.00645288 0.00766333 0.00708419 0.0058235 0.00605979 
0.00680839 0.00824264 0.00718747 0.00727303 0.0075832 0.00712526 0.00614309 
0.00587614 0.00467447 0.0054742 0.00646074 0.00706634 0.00855024 0.00659185 
0.00814572 0.00793602 0.0093772 0.00673293 0.00674861 0.00776208 0.00575862 
0.00695298 0.00785351 0.00772435 0.00718944 0.00753434 0.00667031 0.00646781 
0.00687988 0.0074901 0.00663581 0.00767423 0.00731012 0.00656974 0.005424 
0.00865445 0.00768877 0.00795395 0.0061124 0.00726501 0.00733691 0.00687378 
0.00553598 0.00634223 0.00688837 0.0060459 0.00638236 0.00598991 0.00474034 
0.00536488 0.00590002 0.00651224 0.00717166 0.0061467 0.00655015 0.00553039 
0.00514956 0.00699524 0.00642327 0.00707615 0.00681863 0.00658375 0.00587223 
0.00536196 0.00705284 0.00668626 0.00575682 0.00614375 0.00747491 0.0061776 
0.00669987 0.00778387 0.00707206 0.00648388 0.0073769 0.00669886 0.00538869 
0.0055699 0.0072619 0.00899145 0.00915749 0.00583901 0.00701913 0.00585663 
0.00605442 0.00661627 0.00620452 0.00571588 0.00706075 0.00838717 0.00667015 
0.00699722 0.00672348 0.00599101 0.00657121 0.00685694 0.00665687 0.00522468 
0.00714391 0.00696495 0.00711102 0.0071605 0.00727231 0.00695798 0.00709843 
0.00717528 0.007324 0.00654511 0.00666007 0.00664268 0.00683634 0.00681275 
0.00665938 0.00662119 0.00662439 0.00653498 0.00674846 0.00668276 0.00673107 
0.0066001 0.00682934 0.00665154 0.00678469 0.00658043 0.00667408 0.00663059 
0.00666537 0.0067302 0.00651425 0.00660983 0.0066625 0.00658253 0.00653854 
