0.00192391 0.00706994 0.00896812 0.0175714 0.00840104 0.0074044 0.00689057 
0.00413506 0.00678928 0.00740241 0.00785992 0.00858357 0.00975249 0.00714522 
0.00599726 0.0079152 0.00811691 0.00723463 0.00825804 0.00797688 0.00720729 
0.0055987 0.00720985 0.00680036 0.0075815 0.00765313 0.00688182 0.0081084 
0.00690369 0.00753426 0.00786863 0.00664125 0.00704403 0.0071774 0.00727449 
0.00596264 0.00669629 0.00712015 0.00753011 0.00905306 0.00668936 0.0069966 
0.00762312 0.00666273 0.00805222 0.00731768 0.00713902 0.00712557 0.00749822 
0.00653269 0.00686992 0.00633209 0.00738134 0.00698022 0.00557506 0.00617625 
0.00662901 0.00793473 0.0070491 0.00703391 0.00739586 0.00699171 0.00604673 
0.0060618 0.00463906 0.00550863 0.00645237 0.00697036 0.00835138 0.00670605 
0.007703 0.00756462 0.00906836 0.00652038 0.00668172 0.00759049 0.00574434 
0.00695247 0.00753895 0.00750158 0.00700844 0.0075199 0.0066049 0.00639147 
0.00676007 0.00733647 0.00657547 0.0076047 0.00727771 0.00646871 0.00589614 
0.00842686 0.00748013 0.00785363 0.0060185 0.00727758 0.00711135 0.00765215 
0.00555754 0.00625561 0.00684658 0.00594161 0.00632818 0.00593687 0.00483518 
0.00545904 0.00580933 0.00650088 0.00707656 0.00610028 0.00645515 0.00570887 
0.00532935 0.00698612 0.00640116 0.00698959 0.00679875 0.00651175 0.00601015 
0.00569208 0.00685428 0.00671008 0.00571128 0.00616221 0.00746431 0.00631881 
0.00551937 0.0065035 0.00716061 0.00656728 0.00731439 0.00680735 0.00542348 
0.00561725 0.00735668 0.00548551 0.00679039 0.00595087 0.00679952 0.00587481 
0.00617159 0.00706865 0.00634999 0.00591747 0.00733947 0.00682389 0.00660321 
0.00535896 0.00637543 0.0066771 0.00654999 0.00651134 0.00659111 0.00517907 
0.00461034 0.00674556 0.00720357 0.00570157 0.00730651 0.00675333 0.00563253 
0.00533025 0.00700557 0.00821261 0.00790138 0.00823657 0.0071862 0.00561042 
0.00665938 0.0080406 0.00662439 0.00653498 0.00674846 0.00668276 0.00673107 
0.0066001 0.00682934 0.00665154 0.00678469 0.00658043 0.00667408 0.00663059 
0.00666537 0.0067302 0.00651425 0.00660983 0.0066625 0.00658253 0.00653854 
