0.0112611 0.0109765 
0.0106305 0.0113002 
0.0103929 0.0108708 
0.0148748 0.0187644 
0.0170432 0.0169667 
0.021019 0.0146811 
0.0154235 0.0182333 
0.0155328 0.0148965 
0.0155473 0.0143688 
0.0153252 0.0150399 
0.0136516 0.0158548 
0.0145182 0.0155546 
0.0171286 0.0163173 
0.0153362 0.0150448 
0.016161 0.0213892 
0.0192315 0.0182472 
0.0177054 0.0148467 
0.0196136 0.0148468 
0.0165565 0.017836 
0.0156608 0.0151218 
0.0108162 0.0104423 
0.0112229 0.0106193 
0.010877 0.0107131 
0.0103054 0.0109091 
0.0109469 0.0103703 
0.0108986 0.0102534 
