0.0112611 0.0109765 
0.0172834 0.0113002 
0.0166172 0.0108708 
0.0147995 0.0186671 
0.0170121 0.0185708 
0.0231828 0.016469 
0.0150539 0.0206585 
0.0164029 0.0174104 
0.0157817 0.0155366 
0.0165972 0.0168436 
0.014203 0.016701 
0.0166634 0.0162219 
0.0198121 0.0159245 
0.0168849 0.0157355 
0.0191611 0.0236292 
0.0278514 0.0197857 
0.0182038 0.0164609 
0.0203963 0.0160241 
0.0198433 0.0207454 
0.0216457 0.0190651 
0.0237974 0.0212969 
0.0197551 0.0240933 
0.010877 0.0107131 
0.0103054 0.0109091 
0.0109469 0.0103703 
0.0108986 0.0102534 
