0.0112611 0.0109765 
0.0175125 0.0166339 
0.0177918 0.0187588 
0.0144665 0.0180068 
0.0165976 0.0165809 
0.0203424 0.01436 
0.0150097 0.0179948 
0.0152255 0.0145876 
0.0151379 0.0139724 
0.0149348 0.0147356 
0.013207 0.0153989 
0.0141277 0.0151347 
0.0166091 0.0159597 
0.0150112 0.0148303 
0.0158282 0.0209378 
0.018632 0.0178662 
0.0172331 0.0145609 
0.0185456 0.0152274 
0.0175038 0.0187711 
0.017666 0.0172701 
0.0206155 0.0164249 
0.0201902 0.0188752 
0.0255744 0.0371279 
0.0103054 0.0109091 
0.0109469 0.0103703 
0.0108986 0.0102534 
