0.0112611 0.0109765 
0.0106305 0.0113002 
0.0103929 0.0108708 
0.011859 0.0149946 
0.0128438 0.0135589 
0.0162885 0.0120401 
0.011404 0.0141626 
0.0121411 0.0119864 
0.0116098 0.0111801 
0.0120964 0.0118225 
0.0105841 0.0116145 
0.0113175 0.011725 
0.0130044 0.0122004 
0.0113439 0.0114506 
0.0128853 0.0149592 
0.0152292 0.0132488 
0.0134343 0.0120278 
0.013709 0.0117547 
0.0130461 0.0141135 
0.0143037 0.0135343 
0.0149694 0.0253549 
0.0112229 0.0106193 
0.010877 0.0107131 
0.0103054 0.0109091 
0.0109469 0.0103703 
0.0108986 0.0102534 
