0.0112611 0.0109765 
0.0106305 0.0113002 
0.0103929 0.0108708 
0.0116892 0.0151025 
0.0128852 0.0137173 
0.0158499 0.0119933 
0.0113323 0.0144881 
0.0119115 0.0117929 
0.011094 0.0111195 
0.0115892 0.0116271 
0.0104646 0.0114434 
0.0110939 0.0115157 
0.0125295 0.0119414 
0.0108595 0.0110742 
0.0121916 0.0143522 
0.0143429 0.0128626 
0.0130003 0.0115484 
0.0132192 0.0115308 
0.01239 0.0137423 
0.0132471 0.0129422 
0.0149694 0.0139289 
0.0112229 0.0106193 
0.010877 0.0107131 
0.0103054 0.0109091 
0.0109469 0.0103703 
0.0108986 0.0102534
