0.00693493 0.00773272 0.0205405 0.00744571 0.00741094 0.0074044 0.00689057 
0.00190347 0.00699953 0.00522736 0.0093664 0.0126 0.00711099 0.00714522 
0.00522455 0.00477393 0.00849546 0.00962484 0.0129572 0.00761251 0.00720729 
0.0042936 0.00700248 0.00444858 0.00760567 0.00909211 0.00654166 0.00693268 
0.00773744 0.0047433 0.00588501 0.0046152 0.00496519 0.00882039 0.00729594 
0.00556272 0.00554929 0.00718641 0.0080067 0.00709429 0.0051086 0.0151605 
0.00828622 0.00780332 0.00863526 0.00688283 0.0073699 0.00872234 0.00751359 
0.00529017 0.00764521 0.00633348 0.00613686 0.00836052 0.00861926 0.00758069 
0.00654562 0.00848694 0.00579884 0.00604978 0.00733639 0.00615189 0.0104658 
0.00720698 0.00427072 0.00769437 0.00699371 0.00658321 0.00667654 0.01078 
0.00790935 0.00776385 0.00760562 0.0074582 0.00737729 0.00784988 0.00634983 
0.00648263 0.00714843 0.00762096 0.00755043 0.00824118 0.00597054 0.00338974 
0.00367298 0.007033 0.00773305 0.00717771 0.00651679 0.00679449 0.00509803 
0.00854527 0.00774768 0.00728707 0.00724905 0.0074554 0.00741552 0.0109209 
0.00632882 0.00690968 0.0065731 0.00595225 0.00654841 0.00595942 0.00488986 
0.00543113 0.00578485 0.00558257 0.00727214 0.00606127 0.00588556 0.00392558 
0.00385047 0.00641211 0.00647396 0.00679074 0.00670875 0.00691277 0.00585568 
0.00655661 0.00642202 0.00621321 0.0057981 0.00617923 0.00697257 0.00818672 
0.00572992 0.0062623 0.00689379 0.00659834 0.0076299 0.00645285 0.00536905 
0.00476829 0.00704712 0.00540628 0.0064899 0.00576084 0.00657266 0.0119566 
0.00597571 0.00677675 0.00634558 0.0057657 0.00705779 0.00804591 0.00698376 
0.00549631 0.00628448 0.00665922 0.00630637 0.00637937 0.00697726 0.00684814 
0.00555331 0.0060767 0.00687454 0.00630105 0.00680773 0.00773318 0.00709843 
0.00717528 0.00902064 0.00861513 0.00849381 0.00995994 0.00683634 0.00681275 
0.00665938 0.00662119 0.00662439 0.00653498 0.00674846 0.00668276 0.00673107 
0.0066001 0.00682934 0.00665154 0.00678469 0.00658043 0.00667408 0.00663059 
0.00666537 0.0067302 0.00651425 0.00660983 0.0066625 0.00658253 0.00653854 
