0.0112611 0.0109765 
0.0106305 0.0113002 
0.0103929 0.0108708 
0.0155955 0.0107159 
0.016419 0.0175761 
0.0227619 0.0164464 
0.0153174 0.020995 
0.0164288 0.0171246 
0.0153952 0.0155252 
0.0163577 0.0170209 
0.0141177 0.0166023 
0.0165198 0.016095 
0.0193312 0.0158005 
0.0165448 0.0154091 
0.0187805 0.0228838 
0.0262725 0.0191959 
0.017754 0.016019 
0.0193506 0.0156298 
0.0184978 0.0195917 
0.018563 0.0170025 
0.0108162 0.0104423 
0.0112229 0.0106193 
0.010877 0.0107131 
0.0103054 0.0109091 
0.0109469 0.0103703 
0.0108986 0.0102534
