1 1 1 1 1 1 1 
1 1 1 1 1 1 1 
1 1 0.863303 0.679717 1 1 1 
0.874868 1.01166 0.986416 0.988816 0.98053 0.95665 1 
0.996912 0.978051 0.987039 0.982918 0.981649 0.988072 0.968917 
1.00385 1.01158 1.00211 1.00524 1.0062 0.998786 1.05974 
0.962154 1.00392 1.00229 1.03628 1.01206 1.05374 0.993665 
1.01204 1.00009 1.01083 1.02566 1.0001 1.00612 0.959209 
1.00899 1.04475 1.01381 1.03649 1.0357 1.05627 1.06032 
1.03066 0.883924 1.00483 1.004 1.03759 1.01858 1.03357 
1.00356 1.01956 1.00483 1.01783 1.03066 1.02069 1.00333 
0.983437 1.01598 1.02429 1.0115 1.03254 1.02143 0.937585 
0.982948 1.02537 1.01499 1.01597 1.01188 1.03954 0.972771 
1.03533 1.03175 1.02291 1.03725 1.02249 1.0147 1.07661 
0.961496 1.01457 1.00584 0.989317 0.995622 0.967705 0.957718 
0.946146 0.987215 0.963313 1.02038 1.00791 0.98998 1.04506 
0.991542 1.01478 0.989086 1.02312 1.01727 1.00496 0.996658 
0.97121 0.995272 1.00748 1.00392 0.97047 0.990052 0.99579 
0.918642 0.977996 1.01533 0.993683 1.00572 0.99027 1.01441 
0.948817 1.01018 0.95233 1.00528 0.987584 1.01388 1.01235 
0.974608 1.06538 1.02267 1.03815 1.0373 1.04892 1.0296 
1 1 1 1 1.04248 0.698162 1 
1 1 1 1 1 1 1 
1 1 1 1 1 1 1 
1 1 1 1 1 1 1 
1 1 1 1 1 1 1 
1 1 1 1 1 1 1 
