0.0151679 0.0147854 
0.0142168 0.0153593 
0.0138932 0.0149014 
0.0229966 0.0145862 
0.0199364 0.0179385 
0.0204652 0.0159694 
0.0170423 0.0183558 
0.0157589 0.0163983 
0.0154348 0.0161631 
0.0170172 0.015195 
0.0162651 0.0140469 
0.0146037 0.0145503 
0.0148606 0.0152093 
0.0138731 0.0131101 
0.015145 0.0162051 
0.0165752 0.0156936 
0.0176535 0.0168145 
0.0175984 0.0149436 
0.0164882 0.015887 
0.0191735 0.0178632 
0.014592 0.0142204 
0.0150266 0.01456 
0.0147363 0.0146537 
0.0137642 0.0150628 
0.0145299 0.0142408 
0.0145317 0.0139498
