0.00982544 0.00829271 0.0115284 0.0094757 0.0118593 0.00976949 0.00906697 
0.00642434 0.00860685 0.00893374 0.00925421 0.00899764 0.00978967 0.00905424 
0.00789369 0.0109705 0.0116079 0.0139782 0.00839414 0.0102514 0.00900593 
0.00983118 0.00856393 0.00922545 0.00886065 0.00950854 0.00966759 0.00905332 
0.00877214 0.00895502 0.00961821 0.00893822 0.00939254 0.00919622 0.0102396 
0.00781115 0.00857934 0.00893463 0.00892344 0.00959727 0.00852574 0.00861181 
0.00868799 0.00948128 0.00937274 0.00901348 0.00893843 0.00879773 0.00975778 
0.00836761 0.00809811 0.00803389 0.00872003 0.00904832 0.00904326 0.00846825 
0.00919404 0.00984421 0.00899035 0.00909462 0.00991239 0.00973723 0.00931508 
0.00759531 0.00894457 0.0076457 0.0084643 0.00952843 0.00956815 0.00931665 
0.00918495 0.00912976 0.00995262 0.00881905 0.00950248 0.00925176 0.00761822 
0.00890597 0.00924002 0.00987962 0.00864016 0.00984837 0.00890886 0.00965532 
0.00858696 0.00962543 0.00833602 0.00867437 0.00898524 0.00941765 0.00832214 
0.00979221 0.00883907 0.00925462 0.00901892 0.00927163 0.00870638 0.00962849 
0.00774914 0.00838024 0.0087762 0.00767196 0.00861142 0.00806777 0.00798674 
0.00701229 0.00772855 0.00802324 0.00949943 0.00807705 0.0081445 0.00786576 
0.00738671 0.00893559 0.00821051 0.00918057 0.00946196 0.00876414 0.00756201 
0.00817831 0.0090893 0.00919423 0.00786932 0.00788737 0.00937018 0.00890658 
0.00717152 0.00801182 0.00893195 0.00829296 0.00932107 0.00820668 0.00874395 
0.0074959 0.00908955 0.00766285 0.00894321 0.00767889 0.00891175 0.00749064 
0.00889643 0.00926838 0.00867388 0.00758186 0.00975757 0.00954513 0.00950927 
0.00650618 0.00855386 0.007905 0.00718576 0.008481 0.0084838 0.0091583 
0.00811495 0.00888072 0.00968596 0.00810646 0.00952118 0.0108746 0.00967468 
0.00947062 0.0116383 0.0135991 0.0113125 0.0152372 0.00920815 0.00922867 
0.00919222 0.0091144 0.00907519 0.00903764 0.00899233 0.00909155 0.00868204 
0.00916043 0.0091658 0.00923491 0.00938607 0.00912814 0.00921357 0.00883847 
0.00925108 0.00944274 0.00926178 0.0092082 0.00915844 0.00922431 0.00898444 
