1 0.86847 1.17785 1 1.20525 1 1 
0.702528 0.973714 0.976502 1.03522 0.978435 1 1 
0.818582 1.01017 0.885707 0.798571 0.842438 1 1 
1.10223 0.96809 0.978374 0.705815 0.608997 1 1 
0.935882 0.981236 0.989892 0.998602 1.00727 0.995765 1 
0.989058 1.01866 1.01374 0.995326 0.995489 1.08654 1 
0.987537 1.00764 1.0378 1.01348 1.01429 1.03031 1 
1.01306 0.99702 0.969408 1.02005 1.01733 0.960219 1 
0.929981 1.05493 1.06086 1.04095 1.03534 1.05322 1 
0.973152 1.01143 0.987937 1.01746 1.0274 1.03258 1 
1.00204 1.01544 1.04758 1.02409 1.04122 1.03602 0.985374 
1.01354 0.995338 1.01732 1.00948 1.0112 1.02425 1.12891 
1.01606 1.00715 0.990647 1.02447 1.02615 1.05887 0.951266 
0.968469 1.01951 1.01841 1.01554 1.02811 1.00986 1.09174 
0.925595 1.00882 1.01972 0.935546 0.982007 0.949252 0.910124 
0.924522 0.991674 0.980733 1.02019 0.992042 0.99406 1.15362 
1.00886 1.00685 0.990735 1.02426 1.02206 1.1031 1 
1.007 1.02886 1.0237 0.999838 0.973687 1.11671 1 
0.984805 0.983276 1.00955 0.990739 0.997848 1.06321 1 
0.940735 1.02246 0.997394 1.04808 0.961852 1.08977 1 
0.903493 1.02502 1.04729 1.00422 1.06293 1.07386 1 
0.711447 0.902282 0.869112 0.91391 0.909834 0.87976 1 
0.843208 0.93064 0.995648 0.856042 0.983662 1.15705 1 
1 1.16945 1.51482 1.2347 1.66941 1 1 
1 1 1 1 1 1 1 
1 1 1 1 1 1 1 
1 1 1 1 1 1 1 
