0.0151679 0.0147854 
0.0212283 0.018908 
0.0188244 0.0279299 
0.0179536 0.022344 
0.0204675 0.0195771 
0.0207152 0.0158857 
0.0174409 0.0179511 
0.0162724 0.0161425 
0.0161567 0.0160489 
0.0174762 0.0155638 
0.0174441 0.0149461 
0.0159728 0.0153073 
0.0164487 0.0159443 
0.0148916 0.0142843 
0.0162444 0.0182933 
0.0184367 0.0169475 
0.0179278 0.0172658 
0.0195192 0.015711 
0.0191577 0.0178043 
0.0217774 0.0179451 
0.0192235 0.0188377 
0.0220866 0.0223966 
0.0147363 0.0146537 
0.0137642 0.0150628 
0.0145299 0.0142408 
0.0145317 0.0139498 
