0.0151679 0.0147854 
0.0212283 0.018908 
0.0188244 0.0279299 
0.0174122 0.0216354 
0.0199395 0.0177948 
0.0206374 0.016013 
0.0168859 0.0176262 
0.0160787 0.0162811 
0.0156953 0.0159952 
0.0171805 0.0151928 
0.0167093 0.0144258 
0.01529 0.0151272 
0.0157548 0.015765 
0.0146887 0.0137396 
0.01595 0.0174905 
0.0180803 0.016724 
0.0183559 0.0176869 
0.0191163 0.0159879 
0.0179876 0.0175378 
0.0191582 0.0178105 
0.0192235 0.0188377 
0.0220866 0.0223966 
0.0147363 0.0146537 
0.0137642 0.0150628 
0.0145299 0.0142408 
0.0145317 0.0139498 
