1 1 1 1 1 1 1 
1 1 1 1 1 1 1 
1.15691 1.12287 1.16555 1.14077 1.44883 1 1 
1.00861 0.999167 0.995418 1.06904 0.934704 1.07199 1 
1.19347 0.978351 1.03002 1.01384 1.01467 0.827017 1.06056 
1.03948 1.0434 1.02459 0.987127 1.03571 0.966567 0.620567 
0.969532 1.01839 1.03907 1.03125 1.05336 0.972491 1.26778 
1.23175 0.986986 0.984347 1.0118 1.06206 0.893745 1.08492 
0.705003 1.05475 1.00255 1.02909 1.04558 0.987423 1.18818 
1.10543 1.00515 1.02096 1.01171 1.01743 0.91996 1.04282 
0.937304 1.01617 1.02036 1.0063 1.01421 1.03331 0.792782 
1.05901 0.981167 1.01091 1.00144 1.00574 0.966106 1.09365 
0.993741 1.01157 0.987794 1.02141 0.961794 0.996193 1.01912 
1.05661 0.983621 0.989165 0.998229 1.01292 0.981838 1.20362 
0.867568 1.03375 1.04451 1.03935 0.989504 1.0217 0.997062 
1.07236 0.981262 0.989382 1.00032 1.00685 1.0227 0.881494 
0.916374 0.991488 0.968596 1.01418 1.01788 0.946495 1.20443 
0.817668 1.00982 0.997473 0.968523 1.07232 0.945178 0.745221 
0.972975 0.995587 0.990814 1.01658 1.01641 0.937046 1.10472 
1.08304 0.989546 0.968667 1.03035 1.02057 0.933618 0.901997 
1 0.937439 0.987247 0.9268 1.04904 0.997644 0.861457 
1 1 1 1 1 1 1 
1 1 1 1 1 1 1 
1 1 1 1 1 1 1 
1 1 1 1 1 1 1 
1 1 1 1 1 1 1 
1 1 1 1 1 1 1 
