0.00982544 0.00829271 0.0115284 0.0094757 0.0118593 0.00976949 0.00906697 
0.00642434 0.00860685 0.00893374 0.00925421 0.00899764 0.00978967 0.00905424 
0.0125245 0.0105931 0.0105154 0.00912035 0.011876 0.0102514 0.00900593 
0.00947917 0.00829462 0.00922995 0.00882371 0.00860282 0.00922835 0.00905332 
0.00916888 0.00913178 0.00991497 0.00915557 0.00902335 0.00919824 0.00911548 
0.00740742 0.00901527 0.00892694 0.00923642 0.0100957 0.009039 0.00775576 
0.00997373 0.00997347 0.00965101 0.00924341 0.00925462 0.00954926 0.00969623 
0.00803423 0.0084273 0.00812257 0.00897678 0.00952558 0.00912567 0.00996654 
0.00811256 0.0103638 0.00901277 0.00951516 0.0100094 0.0102377 0.00903448 
0.00760572 0.00920479 0.00781881 0.00855351 0.00977767 0.0099601 0.00801305 
0.00863869 0.00921598 0.0100187 0.00888328 0.00959972 0.0095879 0.00605249 
0.0080761 0.00945233 0.00969283 0.00875302 0.0100132 0.00901299 0.00919159 
0.00842678 0.0098271 0.00821781 0.00881221 0.00897432 0.00959183 0.00842015 
0.00986688 0.00869846 0.00909152 0.00896899 0.00947071 0.00897035 0.00876233 
0.00651324 0.00860166 0.00893755 0.00757677 0.00822349 0.00800776 0.00666049 
0.0069726 0.00779278 0.00794811 0.00956918 0.00788162 0.00801397 0.0080432 
0.00688641 0.00903446 0.0080597 0.0091285 0.00948148 0.00877364 0.00711696 
0.00959129 0.00929377 0.0094466 0.00807321 0.00835439 0.00961385 0.0103476 
0.00659378 0.00801462 0.00879346 0.0084417 0.00932216 0.00868095 0.00740402 
0.00895463 0.00900428 0.00733824 0.00890903 0.00776492 0.00898013 0.00784302 
-0.00748632 0.0108584 0.00843193 0.00815602 0.00990271 0.00996731 0.00784737 
0.00650618 0.00855386 0.00840821 0.0136037 0.00857746 0.0084838 0.0091583 
0.00811495 0.00888072 0.00968596 0.00810646 0.00952118 0.0108746 0.00967468 
0.00947062 0.0116383 0.0135991 0.0113125 0.0152372 0.00920815 0.00922867 
0.00919222 0.0091144 0.00907519 0.00903764 0.00899233 0.00909155 0.00868204 
0.00916043 0.0091658 0.00923491 0.00938607 0.00912814 0.00921357 0.00883847 
0.00925108 0.00944274 0.00926178 0.0092082 0.00915844 0.00922431 0.00898444 
