1 1 1 1 1 1 1 
1 1 1 1 1 1 1 
1 1.1901 1.30008 1.76398 1 1 1 
1.07244 1.0341 1.01071 1.08248 0.985722 1.11959 1 
1.04356 1.00585 1.007 1.012 1.04262 0.874448 1.09087 
1.03537 1.0032 1.00077 1.00528 1.01697 0.956895 0.735656 
1.00523 1.00215 1.0119 1.00925 1.03592 0.952065 1.04137 
0.985101 1.00512 0.997349 1.00359 1.02584 0.929871 0.906234 
1.05937 1.00325 1.00979 1.01942 1.03592 0.952417 1.02464 
1.01133 1.00932 1.01551 1.02152 1.02002 0.932187 1.04341 
1.01772 1.0118 1.01692 1.02131 1.02163 1.01956 0.869031 
1.01048 1.01436 1.01257 1.02307 1.00481 1.00897 1.02933 
1.01196 1.01145 1.02399 1.02494 1.01841 1.01553 1.04421 
1.04404 1.01398 1.01845 1.01781 1.02044 1.01262 1.02637 
1.06533 1.01739 1.02724 1.06123 1.04232 1.0529 1.0994 
1.04587 1.01578 1.01791 1.01513 1.04498 1.0346 0.88234 
0.990349 1.01749 1.01783 1.02797 1.02636 0.959317 1.05732 
1.06561 1.01259 1.01966 1.01858 1.05646 0.939216 1.08854 
0.988886 1.02654 1.01195 1.02011 1.04736 0.937976 1.10944 
1.039 1.00873 1.01058 1.01608 1.03215 0.940646 0.900393 
1.05131 1.00971 1.02621 1.01656 1.03343 0.997035 0.987786 
1 1 0.940152 0.827712 0.988754 1 1 
1 1 1 1 1 1 1 
1 1 1 1 1 1 1 
1 1 1 1 1 1 1 
1 1 1 1 1 1 1 
1 1 1 1 1 1 1 
