0.0151679 0.0147854 
0.0212283 0.018908 
0.0188244 0.0279299 
0.0184374 0.0273111 
0.0203462 0.0187172 
0.0207089 0.016286 
0.0170403 0.0182003 
0.0160832 0.0165658 
0.0157264 0.0162863 
0.017362 0.0154319 
0.0170001 0.0145073 
0.0154705 0.0152364 
0.0158486 0.0159358 
0.0149153 0.0140976 
0.0161843 0.0177942 
0.0181298 0.0170952 
0.0186749 0.0182457 
0.0192701 0.0165281 
0.018163 0.0178902 
0.0194513 0.0182461 
0.0192235 0.0188377 
0.0220866 0.0223966 
0.0147363 0.0146537 
0.0137642 0.0150628 
0.0145299 0.0142408 
0.0145317 0.0139498 
