0.00897946 0.0121536 0.0135405 0.0276162 0.0122182 0.00778994 0.0132648 
0.0114479 0.00779263 0.00690426 0.00631327 0.0133914 0.0126012 0.0123739 
0.0111429 0.0136387 0.0118175 0.0124168 0.0130581 0.0121244 0.0112511 
0.0116638 0.0120221 0.0129914 0.0124519 0.0127114 0.0134836 0.0118272 
0.0116652 0.0128558 0.0133541 0.0123052 0.0132827 0.0128411 0.0133029 
0.0107698 0.012551 0.0119813 0.0129617 0.0150279 0.0128251 0.0108152 
0.011282 0.0132758 0.011924 0.0129683 0.0123487 0.0127568 0.011713 
0.0121168 0.0108517 0.0112485 0.0125517 0.0118947 0.0124208 0.0107951 
0.0122587 0.0138867 0.0129343 0.0128588 0.0138903 0.0136193 0.0123044 
0.00988554 0.0131471 0.00991551 0.011868 0.0141636 0.0131303 0.0115635 
0.0121784 0.0119784 0.0131953 0.0122587 0.0127386 0.0126727 0.0113162 
0.0123366 0.0131691 0.0137722 0.0111735 0.0128696 0.012644 0.0121084 
0.0108722 0.0142599 0.0110733 0.0101218 0.0128089 0.0133373 0.0121684 
0.0113757 0.0138302 0.0116883 0.0127162 0.0123856 0.0133148 0.0119285 
0.00928265 0.0122991 0.0118361 0.0111214 0.0112653 0.0105633 0.0103265 
0.00953576 0.0108197 0.0108611 0.0130551 0.011135 0.011484 0.0101923 
0.00992984 0.0131295 0.0106612 0.0127359 0.0137874 0.0127629 0.0108261 
0.0100639 0.0126541 0.012053 0.0111422 0.0106424 0.0138283 0.011943 
0.00988928 0.0109633 0.0116772 0.0122828 0.0123947 0.0118973 0.010938 
0.0109778 0.0128488 0.0108234 0.0130845 0.0113993 0.0129708 0.011653 
0.00330491 0.0160814 0.013972 0.0147349 0.0172882 0.0165693 0.0143466 
0.0141255 0.0143345 0.0154155 0.0143575 0.0142924 0.0146007 0.0137539 
0.0145789 0.0144577 0.0146451 0.0143839 0.0147011 0.014244 0.0143272 
0.0145747 0.0149814 0.0135397 0.0138072 0.0137914 0.0139706 0.0138463 
0.0139226 0.0137904 0.0137101 0.013673 0.0136015 0.0136858 0.0134505 
0.0138674 0.0138342 0.0139023 0.0141331 0.0137059 0.0138584 0.013422 
0.0140334 0.0141565 0.013895 0.0139223 0.0138189 0.0139237 0.0135934 
