0.00821647 0.0124947 0.0140393 0.0311043 0.0129641 0.0123826 0.0132648 
0.0107405 0.0131583 0.0135986 0.0132338 0.0137909 0.0132218 0.0136079 
0.012057 0.0130124 0.0123698 0.0123316 0.0125915 0.012123 0.0128489 
0.012469 0.0121496 0.0133176 0.0124655 0.0128721 0.0132852 0.010312 
0.012698 0.0130544 0.0141265 0.0123814 0.0131994 0.0127207 0.0134082 
0.0118083 0.0129066 0.0121656 0.0128867 0.0144607 0.0127921 0.0115493 
0.0119028 0.0128857 0.0122232 0.0124724 0.01196 0.0126214 0.0130372 
0.0119865 0.0110595 0.0112453 0.0122091 0.0117952 0.0127967 0.0115658 
0.0136185 0.0127325 0.0133564 0.0126516 0.0142374 0.0138639 0.012055 
0.0103381 0.0133171 0.0115943 0.0116547 0.013929 0.0127246 0.0122255 
0.0128859 0.0121028 0.012958 0.011838 0.0125969 0.0125698 0.0120327 
0.0123408 0.0130555 0.0136142 0.0114289 0.0129864 0.0124545 0.0120668 
0.0116244 0.0138626 0.0113737 0.0104508 0.0129347 0.0128629 0.0123724 
0.011859 0.012478 0.0114678 0.0133264 0.0124005 0.0131418 0.0122585 
0.0106808 0.0126593 0.0122063 0.0117309 0.0120009 0.0112956 0.0103638 
0.0102025 0.0110744 0.0115481 0.0136666 0.0117449 0.0118292 0.0109886 
0.011188 0.0130403 0.0118029 0.012857 0.013933 0.0126679 0.0110987 
0.01096 0.0133404 0.012337 0.0118655 0.0112499 0.0134552 0.011325 
0.0110032 0.0115266 0.0130164 0.0123424 0.013271 0.0114061 0.0114448 
0.0112649 0.0131332 0.012205 0.0132959 0.0117351 0.0132094 0.0101001 
0.00330491 0.012424 0.010543 0.0120537 0.0137229 0.013009 0.0155847 
0.0122265 0.0134272 0.0137755 0.013816 0.0143448 0.0145118 0.0137539 
0.0145789 0.0192279 0.0192417 0.0175662 0.0147011 0.014244 0.0143272 
0.0145747 0.0149814 0.0135397 0.0138072 0.0137914 0.0139706 0.0138463 
0.0139226 0.0137904 0.0137101 0.013673 0.0136015 0.0136858 0.0134505 
0.0138674 0.0138342 0.0139023 0.0141331 0.0137059 0.0138584 0.013422 
0.0140334 0.0141565 0.013895 0.0139223 0.0138189 0.0139237 0.0135934
