0.023123 0.0222362 
0.0310149 0.0224551 
0.0283535 0.0332313 
0.0287331 0.0344825 
0.0335491 0.0294791 
0.0334194 0.0265758 
0.0290531 0.0284686 
0.0262744 0.026202 
0.0267536 0.027005 
0.0298459 0.026033 
0.0298248 0.0248819 
0.0255623 0.0263458 
0.0269159 0.0272983 
0.0259854 0.023655 
0.0281978 0.0306068 
0.0282385 0.0272261 
0.032947 0.0293905 
0.0344003 0.0291334 
0.0297084 0.0307355 
0.0312816 0.030838 
0.0250687 0.0274252 
0.0590715 0.021957 
0.0222923 0.0220295 
0.0209568 0.0226937 
0.0223496 0.0214283 
0.0219862 0.0211567
