0.00781955 0.0126522 0.0124992 0.03144 0.011681 0.0107021 0.0132648 
0.0104983 0.0115129 0.0105197 0.0102098 0.0111576 0.0127899 0.0117638 
0.0121564 0.0134903 0.0110883 0.0116324 0.0122704 0.0118359 0.0113708 
0.0117682 0.0106869 0.0129553 0.0118209 0.0128919 0.0141203 0.00969108 
0.0113138 0.0119081 0.0116361 0.0116809 0.0128274 0.0121972 0.0128679 
0.0107673 0.0120071 0.0115478 0.0125838 0.0130802 0.0116697 0.0112128 
0.0113392 0.0131264 0.0109529 0.0120127 0.0117503 0.0125624 0.0119666 
0.0114379 0.0103962 0.010278 0.011906 0.0117812 0.0128305 0.0111569 
0.0125814 0.0132106 0.0113721 0.0127838 0.0134695 0.0138836 0.0117733 
0.00934712 0.0124908 0.00941638 0.0116971 0.0131682 0.0130452 0.0122603 
0.0121501 0.0116563 0.0123385 0.0119257 0.0127478 0.0124656 0.0105771 
0.0125882 0.0121974 0.0134187 0.0113598 0.0129447 0.0119637 0.0113483 
0.0112338 0.013341 0.0106687 0.0101021 0.0115615 0.0128507 0.0111128 
0.0119905 0.0117426 0.0111652 0.0122937 0.0117761 0.0123273 0.0110958 
0.0102452 0.0102907 0.011753 0.010235 0.011587 0.00995038 0.00934595 
0.00757546 0.0108464 0.0107098 0.0132977 0.0107191 0.0109331 0.0100404 
0.0092371 0.0126846 0.0140578 0.0130675 0.014401 0.0123433 0.0119838 
0.0105279 0.0117268 0.0115323 0.00971809 0.0103369 0.0133122 0.0106552 
0.0101003 0.0106648 0.0108729 0.0113118 0.0121901 0.0109369 0.0104081 
0.00789835 0.0110095 0.010298 0.00979752 0.00951077 0.0110299 0.00834922 
0.00330491 0.0058717 0.00514233 0.00666383 0.00905167 0.00780571 0.0143466 
0.0141255 0.0143345 0.0149993 0.0143575 0.0142924 0.0146007 0.0137539 
0.0145789 0.0144577 0.0146451 0.0143839 0.0147011 0.014244 0.0143272 
0.0145747 0.0149814 0.0135397 0.0138072 0.0137914 0.0139706 0.0138463 
0.0139226 0.0137904 0.0137101 0.013673 0.0136015 0.0136858 0.0134505 
0.0138674 0.0138342 0.0139023 0.0141331 0.0137059 0.0138584 0.01342 
0.0140334 0.0141565 0.013895 0.0139223 0.0138189 0.0139237 0.0135934 
