1 1 1 1 1 1 1 
0.687973 0.862634 0.874487 0.766651 0.778737 1 1 
1.07307 1.04955 1.00656 0.999756 1.05614 1.03782 1 
1.01359 0.999537 1.03108 1.02578 1.04358 1.06947 1.13664 
0.998104 1.01914 1.01496 1.03774 1.05039 1.02395 1.00551 
0.992756 1.02534 1.0241 1.02423 1.04646 1.02813 1.04185 
1.01098 1.01749 1.00582 1.04103 1.05032 1.0258 0.984921 
0.990414 1.01674 1.00959 1.04094 1.03721 1.03332 1.06048 
0.997753 1.02495 0.992129 1.04432 1.0394 1.04576 0.997211 
0.970145 1.01074 0.979273 1.02692 1.02059 1.04063 0.967327 
1.01174 1.00593 1.01151 1.01992 1.02365 1.02448 0.973381 
1.02015 1.00878 1.01342 1.01377 1.02754 1.03803 0.963443 
1.01783 1.01018 1.00784 1.00736 1.00546 1.03029 0.959634 
0.993821 0.999399 1.01175 1.00819 1.01745 1.00664 0.986155 
1.04474 0.991353 1.01677 1.00803 1.01476 1.00701 0.959776 
0.686478 1.06493 1.02732 1.02965 1.01422 1.00091 0.953071 
1 1 1.15801 1.09909 1.09652 1.10715 1.12198 
1 1 1 1 1 1 1 
1 1 1 1 1 1 1 
1 1 1 1 1 1 1 
1 1 1 1 1 1 1 
1 1 1 1 1 1 1 
1 1 1 1 1 1 1 
1 1 1 1 1 1 1 
1 1 1 1 1 1 1 
1 1 1 1 1 1 1 
1 1 1 1 1 1 1 
