0.00897946 0.0121536 0.0135405 0.0276162 0.0122182 0.00778994 0.0132648 
0.0112926 0.0132931 0.013282 0.0127009 0.0133914 0.0126012 0.0123739 
0.0125294 0.0135011 0.0119757 0.0124813 0.0134305 0.0116203 0.0112511 
0.0123884 0.0119622 0.0134771 0.0121305 0.0117414 0.0176616 0.0118272 
0.0120979 0.0120392 0.0132339 0.0119748 0.0130696 0.0126041 0.0138036 
0.0110432 0.0122777 0.0119155 0.0129104 0.0139801 0.0127722 0.011553 
0.0115598 0.0131558 0.0123374 0.0127017 0.0120751 0.0125716 0.0127791 
0.0123876 0.0104982 0.0109964 0.0122297 0.0121426 0.0127754 0.0119674 
0.0134001 0.0134891 0.0129104 0.0123838 0.0136069 0.0136237 0.0121509 
0.00996897 0.0127957 0.0100063 0.0116431 0.0142372 0.0124971 0.0124608 
0.0125712 0.0116924 0.0126576 0.012131 0.0126462 0.0123597 0.0115384 
0.012231 0.0126798 0.0134825 0.0110472 0.0128238 0.0120781 0.0131808 
0.0111745 0.0136978 0.0108431 0.0100762 0.0124584 0.0128721 0.0133185 
0.0117052 0.0135163 0.0114412 0.0126246 0.0120609 0.013004 0.0116579 
0.00930405 0.0118205 0.0115331 0.0107048 0.0110201 0.0100994 0.0111318 
0.00986261 0.0104345 0.0107076 0.0127919 0.0108481 0.0109824 0.011427 
0.0100202 0.0127705 0.0104899 0.0121992 0.0135673 0.0123406 0.010681 
0.0107762 0.0123155 0.0114637 0.0110802 0.0102032 0.013527 0.0118384 
0.0106158 0.0108225 0.0117754 0.0117584 0.0123681 0.0113492 0.0117883 
0.00795276 0.0127187 0.0106736 0.0125694 0.010823 0.0138191 0.00968864 
0.00330491 0.00624463 0.00487926 0.0136257 0.0192771 0.00780571 0.0143466 
0.0141255 0.0143345 0.0154155 0.0143575 0.0142924 0.0146007 0.0137539 
0.0145789 0.0144577 0.0146451 0.0143839 0.0147011 0.014244 0.0143272 
0.0145747 0.0149814 0.0135397 0.0138072 0.0137914 0.0139706 0.0138463 
0.0139226 0.0137904 0.0137101 0.013673 0.0136015 0.0136858 0.0134505 
0.0138674 0.0138342 0.0139023 0.0141331 0.0137059 0.0138584 0.013422 
0.0140334 0.0141565 0.013895 0.0139223 0.0138189 0.0139237 0.0135934 
