0.023123 0.0222362 
0.0286564 0.0214457 
0.0274656 0.0313069 
0.0273157 0.0360561 
0.0323243 0.029266 
0.0328632 0.0257005 
0.0275172 0.0281122 
0.0254683 0.026025 
0.0245803 0.025405 
0.02812 0.0242374 
0.0268665 0.0228625 
0.0244486 0.0241005 
0.0246288 0.0245615 
0.0236688 0.0212671 
0.0260402 0.0287689 
0.02909 0.0260217 
0.0307125 0.0287002 
0.0312292 0.0264536 
0.0276637 0.0272112 
0.0114898 0.0223601 
0.0223124 0.0217776 
0.0227682 0.021957 
0.0222923 0.0220295 
0.0209568 0.0226937 
0.0223496 0.0214283 
0.0219862 0.0211567 
