0.87475 1.00327 0.945518 0.908721 1.02545 1.01083 1 
1.03341 1.02398 1.02984 1.02676 1.02488 1.03404 1.08312 
1.03703 1.05859 1.0701 1.05366 1.06155 1.05931 1.04566 
1.0434 1.05097 1.04309 1.05459 0.999609 1.04659 0.986356 
1.04615 1.06719 1.04411 1.08108 1.08048 1.07232 1.05035 
1.02401 1.06174 1.07028 1.06001 1.05796 1.05982 1.03848 
1.063 1.04193 1.04847 1.06919 1.07357 1.05954 1.06981 
1.0196 1.06254 1.07265 1.03337 1.05913 1.0396 0.992841 
1.02929 1.06423 1.04994 1.08307 1.06203 1.05911 1.0623 
1.05104 1.03742 1.04586 1.06336 1.03233 1.0612 1.01048 
1.03937 1.06188 1.05958 1.05876 1.05631 1.0574 0.995141 
1.04897 1.05069 1.04574 1.05824 1.06433 1.0637 1.03267 
1.02273 1.05313 1.0695 1.05672 1.05141 1.06124 0.992813 
1.04957 1.03464 1.05314 1.05337 1.05706 1.04418 1.0199 
1.05239 1.02636 1.05918 1.04502 1.05708 1.05893 1.02981 
1.03516 1.06324 1.05735 1.04569 1.06143 1.05323 0.983265 
1.03833 1.05792 1.05181 1.04713 1.04701 1.05117 1.01458 
1.05826 1.0533 1.07291 1.05919 1.05275 1.04817 1.04912 
1.04573 1.06139 1.069 1.06029 1.06788 1.05726 0.999193 
1.15127 1.15301 1.11577 1.27172 1.10981 1.11535 1.11335 
1.71364 1.95516 2.13494 1.76411 1.61262 1.66266 0.793979 
0.740459 0.9248 0.857901 0.941457 0.970654 0.940859 0.823369 
0.676833 0.932215 1.04029 1.05054 1.38123 1.44019 1 
1 1 1 1 1 1 1 
1 1 1 1 1 1 1 
1 1 1 1 1 1 1 
1 1 1 1 1 1 1 
