0.023123 0.0222362 
0.0288486 0.0214765 
0.0275452 0.0316025 
0.0262211 0.0308684 
0.031139 0.0282185 
0.0317295 0.0249528 
0.0263082 0.0267158 
0.024858 0.0251764 
0.0238029 0.0246715 
0.0273004 0.0236561 
0.0262764 0.022411 
0.0240076 0.0237812 
0.0242636 0.0241908 
0.0234587 0.0210712 
0.0255693 0.0284532 
0.0284455 0.0253628 
0.0299139 0.0282439 
0.0301416 0.0254851 
0.0267419 0.0276095 
0.0284612 0.0280563 
0.0265835 0.0263405 
0.0546338 0.021957 
0.0222923 0.0220295 
0.0209568 0.0226937 
0.0223496 0.0214283 
0.0219862 0.0211567 
