0.023123 0.0222362 
0.0318165 0.0228208 
0.030589 0.0359083 
0.0296703 0.0363031 
0.0352765 0.0304972 
0.0344749 0.0272686 
0.02957 0.0292935 
0.0264716 0.0268516 
0.0272802 0.0275424 
0.0304284 0.0267084 
0.0305939 0.0253359 
0.0259057 0.0266244 
0.0270795 0.0275074 
0.0263506 0.0237566 
0.0287516 0.0312046 
0.0291834 0.0275874 
0.0333685 0.0296933 
0.0337178 0.0287659 
0.0157182 0.0252158 
0.0108594 0.0223601 
0.0223124 0.0217776 
0.0227682 0.021957 
0.0222923 0.0220295 
0.0209568 0.0226937 
0.0223496 0.0214283 
0.0219862 0.0211567 
