1 1 1 1 1 1 1 
1 1 1 1 1 1 1 
1.04451 1.07434 1.02626 1.04534 1.11563 1 1 
1.03131 1.0242 1.02512 0.998546 0.994881 1.51341 1 
1.00913 1.03284 1.04145 1.0391 1.03188 1.02033 1.08398 
1.0042 1.03776 1.04684 1.049 1.05774 1.0498 1.05186 
1.00804 1.03632 1.03679 1.04388 1.06434 1.04509 1.02793 
1.04423 1.03072 1.03557 1.03868 1.0331 1.05427 0.911527 
0.997005 1.02535 1.02675 1.04669 1.04837 1.05153 1.0263 
1.02747 1.02795 1.02483 1.03052 1.03229 1.04724 0.997407 
0.978986 1.02487 1.02469 1.03543 1.02469 1.03356 1.04147 
1.03734 1.02643 1.0229 1.02265 1.02558 1.05256 0.95389 
1.05405 1.02483 1.03907 1.03703 1.04112 1.03705 0.983532 
0.980072 1.02538 1.01838 1.04212 1.03208 1.03934 0.964699 
1.01775 1.04042 1.03822 1.0455 1.03428 1.04746 0.935288 
1.01721 1.0236 1.04132 1.04776 1.0521 1.02965 0.980302 
1.01846 1.02436 1.02506 1.02862 1.02312 1.03332 0.947484 
1.00123 1.03235 1.02596 1.05057 1.02791 1.02412 0.955066 
1.13334 1.11428 1.04077 1.03155 1.01884 0.982218 1.10905 
1 1 1.74599 1.52803 1.10285 1.25912 1 
1 1 1 1 1 1 1 
1 1 1 1 1 1 1 
1 1 1 1 1 1 1 
1 1 1 1 1 1 1 
1 1 1 1 1 1 1 
1 1 1 1 1 1 1 
1 1 1 1 1 1 1 
