1.02229 0.992663 1.0162 0.913356 1.11996 1.14659 1 
1.01468 1.02153 1.03195 1.02538 1.02278 1.02127 1.10195 
1.06944 1.04823 1.06805 1.0478 1.06389 1.05091 1.0281 
1.04286 1.04205 1.0452 1.05354 1.02886 1.03068 1.00069 
1.05302 1.06309 1.0457 1.07123 1.07867 1.06071 1.04742 
1.04307 1.05715 1.06811 1.05237 1.05823 1.05913 1.06271 
1.05254 1.03543 1.04669 1.05644 1.06917 1.04479 1.0274 
1.00121 1.05809 1.0613 1.03531 1.06118 1.04166 1.0769 
1.01775 1.056 1.04199 1.07384 1.06144 1.04724 1.03362 
1.05081 1.03706 1.03408 1.06176 1.03758 1.05288 0.992422 
1.03707 1.05811 1.0556 1.06534 1.05963 1.05873 1.01216 
1.03905 1.04738 1.03964 1.06157 1.06216 1.06761 1.01309 
1.04869 1.04684 1.06486 1.05762 1.04398 1.05593 0.983577 
1.02775 1.04001 1.05765 1.04356 1.05051 1.03963 0.999081 
1.05166 1.04005 1.06203 1.0554 1.05834 1.04842 0.999045 
1.03211 1.0647 1.06088 1.04215 1.06433 1.05173 1.00506 
1.05334 1.05765 1.06124 1.05367 1.04665 1.04855 1.01711 
1.06467 1.05353 1.07182 1.05375 1.05948 1.03827 1.04839 
1.03924 1.06574 1.06659 1.06112 1.06122 1.04857 0.979894 
1.27473 1.23728 1.10089 1.34001 1.0804 1.13076 1.17982 
1.66632 1.92617 2.0902 1.56158 1.49546 1.6211 0.737617 
0.78201 0.892985 0.874494 0.93576 0.916616 0.902899 0.729454 
0.689172 1.01161 0.98955 1.03596 1.38951 1.40366 1 
1 1 1 1 1 1 1 
1 1 1 1 1 1 1 
1 1 1 1 1 1 1 
1 1 1 1 1 1 1 
