0.00799382 0.0125594 0.0127016 0.0287159 0.0130822 0.0122709 0.0132648 
0.0106524 0.0129056 0.0133105 0.0128734 0.0136715 0.0130619 0.0129632 
0.0117411 0.013408 0.0117449 0.0122229 0.0124306 0.0118566 0.0116904 
0.012144 0.0111267 0.0131226 0.0121452 0.0126889 0.0132441 0.0096978 
0.0118843 0.0124095 0.0119843 0.0120583 0.0132041 0.0126331 0.0122507 
0.0112817 0.0123772 0.0120482 0.012947 0.0132125 0.0120256 0.0115981 
0.0118609 0.0133029 0.0113977 0.0121767 0.0119822 0.0127892 0.012516 
0.0115959 0.0108149 0.0107942 0.0118402 0.0120615 0.0129506 0.0111693 
0.012761 0.0136035 0.0119391 0.0131704 0.0137469 0.0138918 0.0123923 
0.0100687 0.0128132 0.00992922 0.0120845 0.0133577 0.0131805 0.0125514 
0.012414 0.0122409 0.0128406 0.0124278 0.0131633 0.0128651 0.0108961 
0.0127748 0.012639 0.0137552 0.011881 0.0133822 0.0123101 0.0120351 
0.0116622 0.0138058 0.0112713 0.0105979 0.011981 0.0131473 0.011381 
0.0123902 0.0121989 0.0116486 0.0127096 0.0121638 0.0126833 0.0114428 
0.0104171 0.0107763 0.0122905 0.0106944 0.0120496 0.010355 0.00980724 
0.00891647 0.0109909 0.0109898 0.0134904 0.0112654 0.0114659 0.0104732 
0.00972985 0.0134159 0.0114505 0.012545 0.0138155 0.0120841 0.0108166 
0.0112087 0.0123546 0.0123606 0.0102404 0.0109517 0.0138216 0.0111708 
0.0104967 0.0113659 0.0115969 0.0120031 0.0129364 0.0114681 0.0101988 
0.0100682 0.0136219 0.0113369 0.0131288 0.0102755 0.0124722 0.00985061 
0.00550704 0.0113099 0.0107485 0.0104061 0.0135364 0.0126538 0.0105823 
0.0110463 0.0128005 0.0131168 0.0134352 0.0131006 0.013183 0.0100328 
0.0100474 0.0146255 0.0144921 0.0149011 0.0204273 0.0199937 0.0143272 
0.0145747 0.0149814 0.0135397 0.0138072 0.0137914 0.0139706 0.0138463 
0.0139226 0.0137904 0.0137101 0.013673 0.0136015 0.0136858 0.0134505 
0.0138674 0.0138342 0.0139023 0.0141331 0.0137059 0.0138584 0.013422 
0.0140334 0.0141565 0.013895 0.0139223 0.0138189 0.0139237 0.0135934
