1.01831 1.01441 1.05826 1.05661 1.07982 1.47815 0.661073 
0.988158 0.997621 1.03414 1.01822 1.03832 1.03573 0.933276 
1.05901 1.06027 1.08028 1.03551 1.06662 1.04966 1.08418 
0.999976 1.04854 1.02947 1.06707 1.03869 1.07112 0.889011 
1.02121 1.0898 1.04341 1.09306 1.0949 1.05936 1.08604 
0.982785 1.06835 1.06843 1.0534 1.06912 1.04914 1.05652 
1.04184 1.02335 1.0097 1.05536 1.06542 1.03067 1.07298 
0.992974 1.04171 1.04928 1.02477 1.01725 0.991004 1.0638 
0.964812 1.03346 1.0094 1.07531 1.04546 1.03616 1.02634 
0.994389 1.01808 0.997082 1.03796 0.989128 1.04834 1.02098 
0.997233 1.05116 1.06225 1.05285 1.0473 1.0459 0.963528 
1.01504 1.02416 1.02916 1.03231 1.03492 1.05597 1.02185 
0.994951 1.02798 1.05208 1.0187 1.02091 1.05305 0.937017 
0.968848 1.01542 1.03752 1.02982 1.02884 1.0076 0.958679 
1.05563 1.02035 1.05311 1.03307 1.03696 1.03422 1.00092 
1.0176 1.05129 1.03105 1.02583 1.03792 1.03413 0.966787 
1.01045 1.02623 1.03522 1.02657 1.01614 1.02792 1.00375 
0.972845 1.00129 1.05976 1.00956 1.04432 0.999286 0.939608 
0.944438 0.981916 0.98656 1.01776 1.00812 1.01233 0.954295 
0.93815 1.04108 0.958135 1.08633 1.00801 1.00403 1.0519 
2.36445 1.95246 2.42045 1.64066 1.63867 1.64747 0.79724 
0.739999 0.890571 0.828631 0.936842 0.932264 0.876198 0.759724 
0.861534 0.992857 0.975142 0.840235 1.15925 1.21576 1 
1 1 1.76616 1.20096 1 1 1 
1 1 1 1 1 1 1 
1 1 1 1 1 1 1 
1 1 1 1 1 1 1 
