0.023123 0.0222362 
0.0293685 0.0219613 
0.0286931 0.0311849 
0.0268156 0.0314259 
0.0316108 0.0279109 
0.032127 0.0246847 
0.0277085 0.0264906 
0.0258926 0.0250906 
0.0253712 0.02506 
0.028781 0.023502 
0.0259979 0.0230465 
0.0241545 0.0240455 
0.0239423 0.0253215 
0.0245571 0.0223396 
0.0268143 0.0294543 
0.0272332 0.0259892 
0.0304156 0.0281483 
0.0312935 0.0266346 
0.0274171 0.0278864 
0.0272933 0.0288603 
0.0255064 0.030168 
0.0227682 0.021957 
0.0222923 0.0220295 
0.0209568 0.0226937 
0.0223496 0.0214283 
0.0219862 0.0211567 
