0.023123 0.0222362 
0.0258065 0.0198176 
0.0289992 0.0282555 
0.0257655 0.0352866 
0.0305031 0.0280272 
0.0306947 0.0243547 
0.0260564 0.0263818 
0.0238699 0.0244312 
0.0240112 0.0241452 
0.0272258 0.0226845 
0.0248449 0.0217829 
0.0235184 0.0228866 
0.0234755 0.0240273 
0.0235354 0.021379 
0.0260739 0.0271016 
0.0268583 0.0251772 
0.0290533 0.0275017 
0.0297465 0.0255972 
0.0324206 0.0271019 
0.0094644 0.0223601 
0.0223124 0.0217776 
0.0227682 0.021957 
0.0222923 0.0220295 
0.0209568 0.0226937 
0.0223496 0.0214283 
0.0219862 0.0211567 
