0.023123 0.0222362 
0.0258065 0.0198176 
0.025956 0.0282555 
0.0240875 0.0341102 
0.0282308 0.0272384 
0.0277639 0.0235804 
0.0234535 0.0252264 
0.0213753 0.0233145 
0.0211269 0.0234955 
0.0239505 0.0220362 
0.0215956 0.0211686 
0.0205849 0.0222881 
0.0198605 0.023618 
0.0196762 0.020632 
0.0223875 0.0260326 
0.0223855 0.0243002 
0.0265121 0.0269156 
0.0272339 0.0254218 
0.0251077 0.0252655 
0.0094644 0.0223601 
0.0223124 0.0217776 
0.0227682 0.021957 
0.0222923 0.0220295 
0.0209568 0.0226937 
0.0223496 0.0214283 
0.0219862 0.0211567 
