1 1 1 1 1 1 1 
1 1.04806 1 1 1 1 1 
1.09116 1.06684 1.0574 1.05009 1.13897 1 1 
1.01481 1.03122 1.04968 1.02209 0.95767 1.52083 1 
0.985511 1.02822 1.01572 1.06237 1.07519 1.03265 1.14435 
0.941989 1.03515 1.03223 1.04327 1.04619 1.05017 1.0228 
1.00302 1.03191 1.02061 1.04532 1.06837 1.0388 1.09124 
0.994546 0.997742 1.0019 1.01964 1.03881 1.04568 1.05958 
0.976087 1.00217 0.97207 1.03925 1.03068 1.04319 1.00322 
0.941953 0.987523 0.964042 1.00572 1.00295 1.02899 1.0194 
0.965099 1.00669 1.00555 1.02297 1.02879 1.02607 0.923518 
0.956469 0.982233 0.990652 0.996216 1.01772 1.02655 1.03058 
0.942703 0.984524 0.983739 0.990373 0.983513 1.03083 0.979824 
0.943205 0.987841 0.982771 0.990301 0.997008 1.00067 0.896852 
0.969484 0.964674 0.998642 0.982605 1.00217 0.996189 0.965229 
0.964408 0.992363 0.97604 1.00447 1.00424 0.999746 0.983823 
0.913744 0.977815 0.981221 0.969162 0.992461 1.00551 0.927506 
0.995277 0.967508 0.999093 0.995855 1.00073 0.991967 0.922485 
0.928767 0.950606 0.966012 0.978198 0.988474 0.969311 1.0594 
0.724394 1.0307 0.927677 1.04415 0.954344 1.10751 1 
1 1 1 1.95175 2.3002 1 1 
1 1 1 1 1 1 1 
1 1 1 1 1 1 1 
1 1 1 1 1 1 1 
1 1 1 1 1 1 1 
1 1 1 1 1 1 1 
1 1 1 1 1 1 1 
