1.04972 1.03819 1.03513 0.975389 1.14447 1.2722 1 
1.02196 1.02139 1.02309 1.03065 1.02507 1.01941 1.08609 
1.04318 1.05451 1.05937 1.05004 1.05525 1.0666 1.08535 
1.04629 1.05743 1.04829 1.05496 1.03782 1.06927 1 
1.06423 1.06457 1.06174 1.0736 1.07075 1.07023 1.09648 
1.04517 1.05816 1.06762 1.0706 1.05468 1.06408 1.05088 
1.05051 1.04605 1.06335 1.06436 1.06669 1.0654 1.04125 
1.01954 1.05815 1.06407 1.04737 1.05901 1.0532 1.03229 
1.03863 1.06122 1.06713 1.07716 1.06542 1.05882 1.01755 
1.0515 1.04145 1.06412 1.06044 1.04602 1.05602 1.01904 
1.03415 1.05969 1.05329 1.05707 1.05035 1.05518 1.04563 
1.04191 1.04964 1.04736 1.05584 1.05443 1.06239 1.02726 
1.04054 1.04903 1.06691 1.05911 1.05922 1.05383 1.00588 
1.03793 1.0423 1.04988 1.06347 1.05365 1.05003 1.03286 
1.05446 1.05248 1.05826 1.06427 1.06196 1.06503 0.996267 
1.05215 1.05986 1.06933 1.0485 1.07137 1.04747 1.02051 
1.04926 1.05748 1.0649 1.06512 1.05247 1.05508 1.00218 
1.06617 1.06369 1.07207 1.06075 1.06049 1.047 0.989319 
1.03755 1.06379 1.07956 1.06396 1.06619 1.03425 1.04002 
1.22906 1.16784 1.15864 1.28507 1.11993 1.12977 1.19165 
1 2.00649 2.07671 1.71843 1.63746 1.6666 1.0863 
0.865562 0.936703 1.02484 0.962281 1.00367 0.993908 1 
1 1.32994 1.31386 1.22124 1 1 1 
1 1 1 1 1 1 1 
1 1 1 1 1 1 1 
1 1 1 1 1 1 1 
1 1 1 1 1 1 1 
