0.0089745 0.013397 0.0152014 0.0293727 0.0147959 0.0136376 0.0132648 
0.0103783 0.0131935 0.0129889 0.013332 0.0136579 0.0130983 0.0148143 
0.01145 0.0128055 0.0113106 0.0122891 0.0124471 0.0123255 0.0129175 
0.0122257 0.0117606 0.0132162 0.0123109 0.012865 0.0123944 0.0120647 
0.0126099 0.0121735 0.0138574 0.0120236 0.0131407 0.0128545 0.0132837 
0.0114214 0.0123988 0.0117521 0.0131848 0.0134832 0.0130861 0.0122429 
0.0113681 0.0123159 0.0117691 0.0121809 0.0117034 0.0125696 0.0131402 
0.0122077 0.0105702 0.0110017 0.0122166 0.0118817 0.0131249 0.0118772 
0.0135399 0.0132392 0.01357 0.0123488 0.0140703 0.0134558 0.0136448 
0.0104275 0.013142 0.0114436 0.0116178 0.0139037 0.0126342 0.0127595 
0.0127632 0.0118377 0.0123385 0.0119052 0.0124699 0.0126055 0.0126483 
0.0120041 0.0129381 0.0132726 0.0114644 0.0133835 0.011897 0.0123674 
0.0111578 0.0137671 0.0111046 0.0104914 0.0129469 0.0128868 0.0126359 
0.011824 0.0114854 0.01143 0.0131065 0.0122895 0.0131961 0.0119923 
0.0102948 0.0121318 0.0114353 0.0114889 0.0116308 0.0109773 0.0112914 
0.0101611 0.0108946 0.0112007 0.0134954 0.0111427 0.0113158 0.0108022 
0.0108157 0.0126922 0.0108599 0.0123454 0.013654 0.0125285 0.0109088 
0.0104741 0.0126484 0.0118266 0.0115522 0.0107518 0.0133348 0.0117434 
0.0107288 0.01139 0.012806 0.0118346 0.0130572 0.0115396 0.0109902 
0.0104068 0.0129062 0.0115421 0.0130943 0.0114444 0.0126931 0.0107758 
0.00566344 0.0117821 0.0110956 0.0118142 0.0135148 0.0129782 0.0113909 
0.0104594 0.0132565 0.0128679 0.013517 0.013873 0.0137372 0.0113245 
0.00986748 0.0134777 0.0152352 0.0151109 0.0203056 0.0205141 0.0143272 
0.0145747 0.0149814 0.0135397 0.0138072 0.0137914 0.0139706 0.0138463 
0.0139226 0.0137904 0.0137101 0.013673 0.0136015 0.0136858 0.0134505 
0.0138674 0.0138342 0.0139023 0.0141331 0.0137059 0.0138584 0.013422 
0.0140334 0.0141565 0.013895 0.0139223 0.0138189 0.0139237 0.0135934
