1 1 1 1 1 1 1 
1.01376 0.591939 0.438165 0.497073 1 1 1 
0.881372 1.03952 1.0282 1.05857 0.987008 1.04338 1 
1.0254 1.01776 1.00842 1.02855 1.04488 0.780045 1 
1.00924 1.03535 1.01337 1.02646 1.02153 1.04654 0.943436 
0.959479 1.02357 1.01284 1.02446 1.0192 1.02866 0.961674 
1.02299 1.04559 1.03026 1.02583 1.0339 1.04506 0.918587 
0.983998 1.02988 1.01905 1.01663 1.0178 1.04641 0.914529 
0.972626 1.03288 1.01412 1.03298 1.01991 1.01557 1.01323 
1.00153 1.01311 1.02838 1.02402 1.01716 1.03283 0.951588 
0.97062 1.0338 1.01231 1.02204 1.01513 1.03384 0.932443 
0.963287 1.02891 1.00397 1.02909 1.01249 1.03204 0.929275 
0.971463 1.02657 1.01715 1.03223 1.01085 1.02829 0.960238 
0.986759 1.0156 1.01948 1.01811 1.0063 1.02832 0.960942 
0.996911 1.01547 1.01583 1.01729 1.01754 1.02879 0.935707 
0.991726 1.01581 1.01021 1.0172 1.01131 1.02925 0.929985 
0.969692 1.02031 1.0187 1.02089 1.01467 1.03202 0.933032 
0.992428 1.01419 1.00664 1.0088 1.01807 1.01648 1.02254 
0.956521 1.0294 1.00603 1.01669 1.01566 1.02728 1.04574 
1.17049 1.00094 1.00084 1.00545 1.01014 1.04447 1 
1 1.20015 1.13009 1.06074 1.01847 0.99013 1 
1 1 1 1 1 1 1 
1 1 1 1 1 1 1 
1 1 1 1 1 1 1 
1 1 1 1 1 1 1 
1 1 1 1 1 1 1 
1 1 1 1 1 1 1 
