0.023123 0.0222362 
0.0263124 0.0207315 
0.0249005 0.0292166 
0.0230315 0.0284513 
0.0270341 0.0261476 
0.0267022 0.0229053 
0.0222743 0.0244819 
0.0207345 0.0228467 
0.0204732 0.0228568 
0.0232772 0.0215347 
0.0208852 0.0206145 
0.0199376 0.0219411 
0.0194889 0.0231535 
0.0191767 0.0203674 
0.0218017 0.0255703 
0.0216336 0.0234898 
0.0258354 0.0264188 
0.0264274 0.0246171 
0.0249184 0.0258249 
0.0236218 0.0273084 
0.023684 0.0270795 
0.0431624 0.0366838 
0.0222923 0.0220295 
0.0209568 0.0226937 
0.0223496 0.0214283 
0.0219862 0.0211567
