0.00782729 0.012035 0.0135628 0.0318891 0.0113276 0.00973325 0.0132648 
0.0105097 0.0101593 0.00313114 0.0129208 0.0134536 0.0129701 0.0125293 
0.0125271 0.0132747 0.0119556 0.012393 0.0130963 0.011366 0.0118385 
0.0116426 0.0120453 0.013166 0.0118943 0.0127628 0.0176089 0.010312 
0.012221 0.013067 0.0140176 0.0122768 0.0129159 0.0130097 0.0132554 
0.011214 0.0128914 0.0120293 0.0130346 0.0146249 0.0129107 0.0131594 
0.0112494 0.0133275 0.012293 0.0125754 0.0123139 0.0129013 0.0119412 
0.0120104 0.0110911 0.0111438 0.0123813 0.0118117 0.0133055 0.00987378 
0.0127147 0.0127423 0.0130794 0.0127556 0.0142887 0.0139792 0.011886 
0.00990649 0.0133663 0.0114425 0.0116265 0.0138744 0.012942 0.0112384 
0.0121641 0.0120353 0.0127829 0.0118463 0.0124883 0.0126932 0.0115435 
0.0119178 0.0130813 0.0133886 0.0113883 0.0128236 0.012496 0.0112732 
0.0113799 0.013915 0.0112036 0.0105464 0.0127923 0.0130147 0.011922 
0.0112252 0.01246 0.011383 0.0132348 0.0122431 0.0132875 0.0111441 
0.0103325 0.0127049 0.01216 0.0117905 0.0118961 0.0112953 0.0096457 
0.00984603 0.0108966 0.0113546 0.0139061 0.0116656 0.0118792 0.0098753 
0.00998606 0.0128884 0.0116199 0.0127939 0.0137202 0.0127878 0.0101939 
0.0114816 0.0131102 0.0119988 0.0119003 0.0111292 0.0134982 0.0120745 
0.0106161 0.0111488 0.0126774 0.0121866 0.0127579 0.0115396 0.0122045 
0.0091655 0.0196862 0.0180891 0.0166654 0.0117599 0.0147191 0.00847575 
0.00330491 0.00619194 0.00507681 0.00701436 0.00838063 0.00780571 0.0143466 
0.0141255 0.0143345 0.0134417 0.0143575 0.0142924 0.0146007 0.0137539 
0.0145789 0.0144577 0.0146451 0.0143839 0.0147011 0.014244 0.0143272 
0.0145747 0.0149814 0.0135397 0.0138072 0.0137914 0.0139706 0.0138463 
0.0139226 0.0137904 0.0137101 0.013673 0.0136015 0.0136858 0.0134505 
0.0138674 0.0138342 0.0139023 0.0141331 0.0137059 0.0138584 0.013422 
0.0140334 0.0141565 0.013895 0.0139223 0.0138189 0.0139237 0.0135934 
