0.00897946 0.0121536 0.0135405 0.0276162 0.0122182 0.00778994 0.0132648 
0.0112926 0.0123625 0.0144025 0.0127009 0.0133914 0.0126012 0.0123739 
0.0129221 0.0133721 0.0117001 0.01196 0.0132698 0.0116203 0.0112511 
0.0120275 0.0119637 0.0132075 0.0121975 0.0119989 0.0174114 0.0118272 
0.0120252 0.0123472 0.0133136 0.0120726 0.0130626 0.012446 0.0140165 
0.0114436 0.0124065 0.0120226 0.012868 0.0144104 0.0126429 0.0114155 
0.0114844 0.0130787 0.0120872 0.012828 0.0120599 0.0124638 0.0126703 
0.0125493 0.0106666 0.0111761 0.0124224 0.0119575 0.0122357 0.0119493 
0.0133804 0.0136491 0.0130168 0.0125422 0.0136573 0.013559 0.0122858 
0.010091 0.0130986 0.00994242 0.0117352 0.0141128 0.0126737 0.012247 
0.0126459 0.0118153 0.0130686 0.0121737 0.0126245 0.0123564 0.0119391 
0.012978 0.012931 0.0137892 0.0110476 0.0128019 0.0122217 0.0131374 
0.0114673 0.0140811 0.0111341 0.0100498 0.0125994 0.0129743 0.0131112 
0.0118922 0.0137829 0.0116874 0.0128551 0.0122077 0.0130161 0.0121793 
0.00966021 0.0122045 0.0118345 0.0109556 0.0111027 0.0102479 0.0113058 
0.00998009 0.010727 0.0109308 0.0129903 0.0109596 0.0111237 0.0112899 
0.010526 0.0130766 0.0106997 0.0125263 0.0136198 0.0124151 0.0112036 
0.0103946 0.0124908 0.0118317 0.0110942 0.010324 0.0135701 0.0119338 
0.0106282 0.0107988 0.0117437 0.0119829 0.012275 0.0115598 0.0102356 
0.0098508 0.0127922 0.0107936 0.0131116 0.0112272 0.0124213 0.0122397 
0.00330491 0.0134372 0.0124193 0.0134358 0.0169817 0.016839 0.0143466 
0.0141255 0.0143345 0.0154155 0.0143575 0.0142924 0.0146007 0.0137539 
0.0145789 0.0144577 0.0146451 0.0143839 0.0147011 0.014244 0.0143272 
0.0145747 0.0149814 0.0135397 0.0138072 0.0137914 0.0139706 0.0138463 
0.0139226 0.0137904 0.0137101 0.013673 0.0136015 0.0136858 0.0134505 
0.0138674 0.0138342 0.0139023 0.0141331 0.0137059 0.0138584 0.013422 
0.0140334 0.0141565 0.013895 0.0139223 0.0138189 0.0139237 0.0135934 
