0.023123 0.0222362 
0.0258065 0.0198176 
0.0263814 0.0282555 
0.0232084 0.0303367 
0.0270191 0.0270463 
0.0265575 0.0231996 
0.0225899 0.0249024 
0.020344 0.0231002 
0.0201338 0.0233054 
0.0229527 0.0218842 
0.0204329 0.0211384 
0.0194919 0.0222565 
0.0185415 0.0237836 
0.0185415 0.020619 
0.021345 0.0259156 
0.0210917 0.0240028 
0.0255745 0.0266697 
0.0261529 0.0253441 
0.0238056 0.0249881 
0.0094644 0.0223601 
0.0223124 0.0217776 
0.0227682 0.021957 
0.0222923 0.0220295 
0.0209568 0.0226937 
0.0223496 0.0214283 
0.0219862 0.0211567 
