1 1 1 1 1 1 1 
1 0.974692 1.08436 1 1 1 1 
1.12535 1.05664 1.03307 1.00624 1.12534 1 1 
0.985244 1.03135 1.02869 1.02773 0.978674 1.49929 1 
0.979584 1.05452 1.02184 1.07105 1.07461 1.0197 1.162 
0.976144 1.04601 1.0415 1.03985 1.07839 1.03954 1.01063 
0.996476 1.02586 0.999909 1.05572 1.06702 1.0299 1.08194 
1.00753 1.01374 1.01828 1.0357 1.02297 1.0015 1.05798 
0.974652 1.01405 0.980085 1.05255 1.03451 1.03823 1.01436 
0.953484 1.0109 0.95789 1.01367 0.994182 1.04352 1.00191 
0.970832 1.01727 1.0382 1.02657 1.02702 1.0258 0.955583 
1.01488 1.00169 1.01319 0.996246 1.01598 1.03876 1.02719 
0.967403 1.01208 1.01015 0.987778 0.994647 1.03901 0.96457 
0.958276 1.00732 1.00392 1.00838 1.00914 1.0016 0.936965 
1.0066 0.996008 1.02474 1.00563 1.00969 1.01084 0.980318 
0.975896 1.02018 0.996383 1.02006 1.01456 1.01261 0.972023 
0.959864 1.00126 1.00085 0.995149 0.996296 1.01158 0.972887 
0.960034 0.98128 1.03116 0.997112 1.01257 0.99513 0.929913 
0.929854 0.94853 0.963411 0.99687 0.981034 0.987299 0.919866 
0.897281 1.03666 0.938109 1.0892 0.989984 0.995486 1.2633 
1 2.1518 2.54532 1.92455 2.0263 2.15727 1 
1 1 1 1 1 1 1 
1 1 1 1 1 1 1 
1 1 1 1 1 1 1 
1 1 1 1 1 1 1 
1 1 1 1 1 1 1 
1 1 1 1 1 1 1 
