0.0102595 0.0133533 0.0160773 0.0323231 0.0144287 0.0134914 0.0132648 
0.0100428 0.0128845 0.0126126 0.0129845 0.0133263 0.0126671 0.0136774 
0.0110411 0.0149062 0.0105813 0.0122007 0.0129627 0.0116354 0.0123535 
0.0136433 0.011322 0.0135793 0.0118189 0.0124775 0.0169346 0.0122316 
0.0120282 0.011832 0.0137261 0.0118043 0.0128799 0.0125011 0.0148463 
0.0114348 0.0122202 0.011444 0.0130908 0.0134684 0.0130837 0.0117922 
0.0110064 0.0122362 0.011575 0.0120437 0.0115916 0.0125171 0.0126726 
0.0124728 0.0103174 0.0107635 0.012348 0.0118854 0.0133224 0.0120269 
0.0134295 0.0129832 0.0132526 0.0121031 0.013968 0.0135424 0.0133426 
0.0100521 0.0131041 0.0111431 0.0113685 0.0139423 0.0125823 0.0129578 
0.0128772 0.0115016 0.0120954 0.0116946 0.0122598 0.0124504 0.0129337 
0.0120718 0.0127261 0.0130829 0.0112104 0.0131585 0.0117389 0.0127526 
0.0109802 0.0135753 0.0107931 0.0102651 0.0127723 0.0127548 0.0129235 
0.0115729 0.0112895 0.0111599 0.0129526 0.0121114 0.0131187 0.0122629 
0.00999754 0.0119781 0.0112429 0.0113369 0.0114399 0.0108712 0.0108404 
0.00993637 0.0106618 0.0109699 0.0135062 0.0109942 0.0111792 0.0112748 
0.0105073 0.0124697 0.0106175 0.0120742 0.0134996 0.0123712 0.0104996 
0.0103604 0.0124084 0.0115655 0.0114865 0.010589 0.0132763 0.0119252 
0.0106563 0.0110344 0.0126846 0.0115626 0.0127211 0.0113237 0.0104449 
0.0102894 0.0127121 0.0113012 0.013139 0.0112899 0.012568 0.013082 
0.00330491 0.0137756 0.0113386 0.0137825 0.0170681 0.017663 0.0143466 
0.0141255 0.0143345 0.0149993 0.0143575 0.0142924 0.0146007 0.0137539 
0.0145789 0.0144577 0.0146451 0.0143839 0.0147011 0.014244 0.0143272 
0.0145747 0.0149814 0.0135397 0.0138072 0.0137914 0.0139706 0.0138463 
0.0139226 0.0137904 0.0137101 0.013673 0.0136015 0.0136858 0.0134505 
0.0138674 0.0138342 0.0139023 0.0141331 0.0137059 0.0138584 0.013422 
0.0140334 0.0141565 0.013895 0.0139223 0.0138189 0.0139237 0.0135934 
