0.023123 0.0222362 
0.0296291 0.022158 
0.0325167 0.031064 
0.0279202 0.0363981 
0.0329196 0.0286507 
0.0327418 0.0251631 
0.0287274 0.027247 
0.026181 0.025994 
0.0259949 0.0253995 
0.0291948 0.0236981 
0.0261707 0.0231647 
0.0239921 0.0242336 
0.0238659 0.0253497 
0.0243064 0.0224842 
0.0271017 0.0297138 
0.0278401 0.0264055 
0.031385 0.0285036 
0.0319723 0.0275987 
0.0145524 0.0310676 
0.00996595 0.0223601 
0.0223124 0.0217776 
0.0227682 0.021957 
0.0222923 0.0220295 
0.0209568 0.0226937 
0.0223496 0.0214283 
0.0219862 0.0211567 
