1 1 1 1 1 1 1 
1 1 1 1 1 1 1 
1 1.23224 1.00109 1.04608 1.10552 1 1 
1.16438 1.01177 1.07175 1.01244 0.969504 1.42997 1 
0.99789 1.03725 1.03422 1.06136 1.05903 1.04283 1.1739 
1.02522 1.04645 1.04222 1.05245 1.0568 1.05962 1.00024 
1.02919 1.03519 1.03118 1.05714 1.06331 1.05511 1.03174 
1.04174 1.03712 1.04944 1.04448 1.05947 1.05524 1.00536 
1.0209 1.04365 1.02539 1.06153 1.05431 1.06593 1.03877 
1.0132 1.03443 1.01839 1.04055 1.0352 1.05684 1.02619 
1.04866 1.03173 1.03871 1.04003 1.03851 1.04439 1.01759 
1.05488 1.03348 1.03079 1.03479 1.04644 1.04956 1.06483 
1.00645 1.03846 1.0395 1.03393 1.03723 1.05037 1.01541 
1.02728 1.01699 1.02826 1.041 1.04173 1.03805 1.04292 
1.022 1.01336 1.04135 1.03119 1.03972 1.0487 0.988675 
1.01226 1.04052 1.03556 1.04653 1.04728 1.04052 1.02628 
1.00873 1.03937 1.02833 1.02413 1.03518 1.03797 0.97652 
1.04676 1.03332 1.04922 1.05316 1.03681 1.04357 1.06537 
1.03866 1.02825 1.05886 1.03593 1.0404 1.03747 0.949615 
1.13829 1.13567 1.09249 1.27606 1.09482 1.10437 1.35163 
1 2.28597 2.18169 2.05802 2.03661 2.26284 1 
1 1 1 1 1 1 1 
1 1 1 1 1 1 1 
1 1 1 1 1 1 1 
1 1 1 1 1 1 1 
1 1 1 1 1 1 1 
1 1 1 1 1 1 1 
