0.00914386 0.0123288 0.0143294 0.0291796 0.0131934 0.0115147 0.008769 
0.0111589 0.0126533 0.0137355 0.0129324 0.0139045 0.0130515 0.0115483 
0.0121603 0.013418 0.0122348 0.0123079 0.0125773 0.0121974 0.0121982 
0.0122073 0.0121632 0.0132176 0.0126644 0.0127348 0.0124391 0.0105145 
0.0125362 0.0127602 0.0135948 0.0123206 0.0133093 0.01293 0.0131002 
0.0115215 0.0126715 0.0123334 0.0130357 0.0142865 0.0127597 0.0119338 
0.0120072 0.0130467 0.0122056 0.0128237 0.0120418 0.0124732 0.0125654 
0.012368 0.0109609 0.0115163 0.0122913 0.0118907 0.0121074 0.012015 
0.0132453 0.0139103 0.0134061 0.0128135 0.013802 0.0135319 0.0124309 
0.0105239 0.0131916 0.0103492 0.0120163 0.0140411 0.0127322 0.0124802 
0.0129898 0.0122089 0.0133714 0.0124853 0.0128738 0.0125984 0.0120383 
0.01298 0.0132211 0.0140066 0.0114475 0.0130405 0.0124242 0.0130692 
0.0117938 0.0143025 0.0115963 0.0103643 0.012932 0.0131496 0.0127367 
0.0120234 0.0138937 0.0120786 0.0131284 0.012446 0.013094 0.0124616 
0.0101308 0.0125027 0.0121621 0.0112546 0.0114026 0.0104849 0.0115434 
0.0104066 0.0110541 0.0113111 0.0130638 0.0112119 0.0113602 0.0112291 
0.0110807 0.0134027 0.0110672 0.0129219 0.0138911 0.0126156 0.0115589 
0.0105333 0.0127455 0.0121598 0.0112327 0.0106477 0.0136268 0.0120582 
0.0107949 0.0111789 0.0120259 0.012234 0.0126139 0.0118528 0.0106187 
0.0102995 0.0128467 0.011024 0.0130772 0.0114317 0.0125279 0.0101915 
0.0078143 0.0121924 0.01181 0.0114539 0.0137331 0.0128597 0.0114377 
0.0104529 0.0127659 0.0127738 0.0134507 0.0133243 0.0127931 0.0104492 
0.0125602 0.0143544 0.0142811 0.0120859 0.0170422 0.0173173 0.0143272 
0.0145747 0.0149814 0.0239133 0.0165819 0.0137914 0.0139706 0.0138463 
0.0139226 0.0137904 0.0137101 0.013673 0.0136015 0.0136858 0.0134505 
0.0138674 0.0138342 0.0139023 0.0141331 0.0137059 0.0138584 0.013422 
0.0140334 0.0141565 0.013895 0.0139223 0.0138189 0.0139237 0.0135934
