1 1 1 1 1 1 1 
1 1 1 1 1 1 1 
1 1 1 1 1 1 1 
1 0.597213 1 1 1 1 1 
0.942301 0.613913 0.697737 0.879182 0.823155 1 1 
0.748922 0.97003 0.95306 0.672038 1.0038 0.963346 0.816367 
1.12792 0.944061 0.953024 1.15867 1.09324 0.876315 0.940795 
1.02392 1.04713 1.05115 1.06964 1.03503 0.867498 0.805444 
1.03724 1.04916 1.02858 1.05412 1.07224 0.974029 0.863273 
1.00117 1.05495 1.01242 1.0379 1.05462 0.98989 0.883598 
1.04898 0.996708 1.02249 1.02357 1.03871 1.00849 0.936653 
1.03397 1.02884 1.02245 0.997242 1.01615 1.02107 0.988829 
1.02631 1.03541 0.97664 0.975096 1.02717 1.01792 0.987294 
1.02059 1.04598 1.00257 1.02645 1.0252 1.02023 0.999875 
0.935965 1.02571 1.00339 0.987106 0.989937 0.985787 0.953856 
0.925643 1.00787 0.997327 1.0448 1.0229 1.01164 1.06752 
0.961788 1.0203 1.00756 1.00627 1.02618 1.01522 0.896874 
1.00027 1.03326 1.01213 1.04621 1.01029 1.03857 1.00847 
1.05262 1.01556 1.03435 1.01351 1.02453 1.0138 0.907263 
0.884347 1.04609 1.021 1.05022 1.02994 0.971992 0.771337 
0.833921 0.957655 1.06226 1.12305 1.10101 0.981897 0.89919 
0.816037 0.860495 0.952797 0.871807 0.878454 0.84336 0.699992 
1 0.931785 0.669365 0.770914 0.837901 0.7537 0.99298 
1 1 1 1 1 1 1 
1 1 1 1 1 1 1 
1 1 1 1 1 1 1 
1 1 1 1 1 1 1 
