0.00926504 0.00898405 
0.00871607 0.00935704 
0.0085828 0.00899378 
0.00909663 0.00886876 
0.0118253 0.00895414 
0.0121072 0.0096269 
0.0100994 0.0099837 
0.00960047 0.00972747 
0.00958621 0.00949192 
0.0105412 0.00929888 
0.00978993 0.00870744 
0.00922371 0.00927785 
0.00938641 0.0100215 
0.00898699 0.00855159 
0.0102028 0.011091 
0.0102513 0.00971748 
0.011562 0.0108796 
0.0115124 0.00997515 
0.0106744 0.0102894 
0.0109175 0.01005 
0.00933216 0.0095859 
0.00920986 0.00872579 
0.00899787 0.00883649 
0.00833245 0.00903794 
0.00891842 0.00852704 
0.00873767 0.00838655 
