0.00926504 0.00898405 
0.0116486 0.00982754 
0.010449 0.0122514 
0.0103087 0.0116748 
0.0112257 0.0109577 
0.0118639 0.00942257 
0.0101991 0.010403 
0.0094843 0.00977454 
0.00945937 0.00944628 
0.01013 0.00908124 
0.00929524 0.00843607 
0.0088915 0.00899906 
0.0091113 0.00968291 
0.00859615 0.00823201 
0.00975127 0.0107177 
0.00979039 0.00935992 
0.0111653 0.0105564 
0.0111564 0.0096528 
0.0104127 0.0101967 
0.0107618 0.0100735 
0.0100777 0.00982746 
0.0119628 0.0104321 
0.0126551 0.00858625 
0.037479 0.00903794 
0.00891842 0.00852704 
0.00873767 0.00838655 
