0.00926504 0.00898405 
0.00871607 0.00935704 
0.0085828 0.00899378 
0.00909663 0.00886876 
0.0124596 0.00895414 
0.0126125 0.0100978 
0.0105064 0.0103908 
0.0100462 0.0101245 
0.010117 0.00998067 
0.0111672 0.00979581 
0.0103393 0.00919486 
0.00973195 0.00981466 
0.00988799 0.0105834 
0.00945356 0.00901058 
0.0107318 0.0116749 
0.0107806 0.0101722 
0.0121727 0.0114451 
0.0121017 0.0104839 
0.0112325 0.0108878 
0.0114464 0.0105182 
0.0101834 0.0102938 
0.00920986 0.00872579 
0.00899787 0.00883649 
0.00833245 0.00903794 
0.00891842 0.00852704 
0.00873767 0.00838655 
