0.00549245 0.00579206 0.0057352 0.00603649 0.00587363 0.00584111 0.00524558 
0.00580059 0.00582415 0.00562055 0.00565412 0.00571289 0.00595915 0.00545162 
0.00580661 0.00562087 0.00611051 0.00612497 0.00602824 0.00623198 0.00558947 
0.00551086 0.00274051 0.00550906 0.00607528 0.00550366 0.00530622 0.00571353 
0.00505512 0.00602764 0.00588472 0.0047001 0.00479244 0.00559273 0.00573601 
0.00461922 0.00525974 0.0049301 0.00571552 0.00621423 0.0055164 0.00423581 
0.00504338 0.00588033 0.00558182 0.00563821 0.00533103 0.00561701 0.0050515 
0.00494911 0.00493285 0.00512131 0.005306 0.00547659 0.00550341 0.0043467 
0.00513283 0.00572182 0.00562455 0.00550191 0.00583166 0.00570818 0.00455946 
0.00435785 0.00546489 0.00466991 0.00515194 0.00597371 0.00558086 0.00465196 
0.00505719 0.00511071 0.00566276 0.00525345 0.0055411 0.00547666 0.00440308 
0.00501029 0.00564713 0.00574511 0.00504271 0.00570243 0.0053566 0.00434145 
0.00462808 0.00586034 0.00481285 0.00473261 0.00568645 0.00555862 0.0045602 
0.00488132 0.00689563 0.00524125 0.00563064 0.00550428 0.00569784 0.00445441 
0.00371438 0.00508 0.00503845 0.0046795 0.00499748 0.00464211 0.00414241 
0.00380295 0.00439301 0.00469754 0.00564858 0.00494803 0.00500559 0.00389977 
0.00382303 0.00560086 0.00482436 0.00542986 0.00598821 0.0056536 0.00406502 
0.00438183 0.00531183 0.00501977 0.004871 0.00477525 0.00589878 0.00464246 
0.00410099 0.00515479 0.00522475 0.00513978 0.00550121 0.00534249 0.00414301 
0.00398286 0.00534411 0.00469738 0.00542662 0.00487732 0.0053142 0.00406526 
0.00443965 0.00547013 0.00505092 0.00478317 0.00567045 0.0055487 0.00464468 
0.00426974 0.00503882 0.0049704 0.0048327 0.00516383 0.00514395 0.00375962 
0.00583434 0.00444347 0.00347944 0.00398541 0.00300292 0.00415256 0.00563379 
0.00583771 0.0060026 0.00536157 0.0054628 0.00544149 0.00558163 0.00543893 
0.00553046 0.00544137 0.0054459 0.00539447 0.00549443 0.00544843 0.00524965 
0.00547122 0.00554464 0.00549695 0.00557916 0.00540873 0.00547718 0.00518315 
0.00553136 0.00559668 0.00542357 0.00544724 0.00546722 0.00553804 0.00534092 
