0.00549245 0.00545506 0.00655639 0.00603649 0.00796677 0.00584111 0.00524558 
0.00393213 0.00572554 0.00618499 0.00617117 0.00631439 0.0065638 0.00545162 
0.00412468 0.00544646 0.00565247 0.0057369 0.00578648 0.00568603 0.00558947 
0.004332 0.00490196 0.00544954 0.00562553 0.00487823 0.00495161 0.00571353 
0.00495122 0.00573353 0.00567164 0.00523835 0.00524293 0.00508087 0.00517999 
0.00479347 0.00496259 0.00473321 0.00539604 0.00592115 0.00513521 0.00453154 
0.00491463 0.00529201 0.00508979 0.00505749 0.00489893 0.00515738 0.00545345 
0.0048935 0.00456807 0.00471557 0.00490733 0.00503853 0.00521814 0.00433944 
0.00508738 0.00527662 0.0053095 0.00507283 0.00540048 0.00538964 0.00491098 
0.00429206 0.00508539 0.00447281 0.00477968 0.00557318 0.00519997 0.00473311 
0.00513469 0.0049363 0.00539655 0.00497189 0.00521176 0.00516137 0.0046205 
0.00502587 0.00525326 0.00547529 0.00482761 0.00541777 0.00506293 0.00456292 
0.00467334 0.0054589 0.00470379 0.00459237 0.00538142 0.00523282 0.00452593 
0.00477723 0.0064552 0.00502872 0.00526552 0.00524753 0.00538028 0.00465612 
0.00408756 0.00484856 0.0049014 0.00452608 0.00489517 0.00453614 0.00424788 
0.0040938 0.00423213 0.00456052 0.00524679 0.00473292 0.00476309 0.0041019 
0.00410545 0.00534958 0.00464588 0.00519941 0.00568298 0.00531188 0.00437238 
0.00437567 0.00502281 0.00484472 0.00454016 0.00462033 0.00560734 0.00460767 
0.00416943 0.00490934 0.00490581 0.00489357 0.00528071 0.00510999 0.00413194 
0.00417886 0.0050549 0.00451526 0.00505962 0.0046519 0.00506364 0.00400539 
0.00445275 0.00511735 0.00478722 0.00448235 0.00529786 0.00518337 0.00486248 
0.00412159 0.00482346 0.00462796 0.00444546 0.00475392 0.004751 0.00375704 
0.00406305 0.00471178 0.00492307 0.004203 0.00526781 0.00473686 0.00424465 
0.00383249 0.00501904 0.00503553 0.00477425 0.00506052 0.0048949 0.00549222 
0.00415708 0.00523359 0.00562784 0.00581319 0.00647116 0.00686 0.00524965 
0.00547122 0.00554464 0.00549695 0.00557916 0.00540873 0.00547718 0.00518315 
0.00553136 0.00559668 0.00542357 0.00544724 0.00546722 0.00553804 0.00534092 
