1 1 1 1 1 1 1 
1 1 1 1 1 1 1 
1 1 1 1 1 1 1 
1 0.445687 1 1 1 1 1 
0.860872 0.629823 0.677202 0.801047 0.821391 1 1 
0.731887 0.998271 0.977865 0.702181 1.02383 0.978649 0.759921 
1.09209 0.984576 0.987872 1.19994 1.13533 0.916625 0.837409 
0.984158 1.08943 1.08146 1.10484 1.07474 0.897198 0.758153 
0.993089 1.0804 1.05153 1.09039 1.10304 0.997738 0.816114 
0.958029 1.0793 1.03055 1.071 1.07989 1.02045 0.836841 
0.994821 1.02655 1.04529 1.04981 1.06576 1.04256 0.886116 
0.983281 1.06054 1.04068 1.02853 1.03913 1.05049 0.938633 
0.977564 1.06653 0.997845 1.00421 1.0463 1.05077 0.93183 
1.00015 1.07215 1.02974 1.06232 1.04785 1.05178 0.945532 
0.894796 1.04936 1.0239 1.01594 1.01266 1.01627 0.912469 
0.871549 1.03848 1.01713 1.08213 1.04531 1.04602 0.985223 
0.916052 1.04594 1.03144 1.03872 1.05693 1.05162 0.858254 
0.962079 1.06269 1.0381 1.07341 1.03481 1.06804 0.968522 
1.00021 1.04236 1.05083 1.05141 1.05055 1.04644 0.870939 
0.846287 1.07552 1.04695 1.07986 1.05063 0.992413 0.764888 
0.806584 0.976222 1.09308 1.14747 1.12905 1.00835 0.833975 
0.759622 0.875444 0.974117 0.898156 0.903942 0.869418 0.705427 
1 0.775852 0.594208 0.683008 0.510546 0.726494 1 
1 1 1 1 1 1 1 
1 1 1 1 1 1 1 
1 1 1 1 1 1 1 
1 1 1 1 1 1 1 
