1 0.941816 1.14318 1 1.35636 1 1 
0.677885 0.983069 1.10042 1.09145 1.10529 1.10147 1 
0.710341 0.968971 0.92504 0.936641 0.959896 0.912396 1 
0.786084 0.797202 0.989196 0.92597 0.88636 0.933171 1 
0.843178 0.599091 0.652681 0.892783 0.898602 0.908478 0.903065 
0.759495 0.941874 0.938813 0.662932 0.975543 0.911024 0.812975 
1.06421 0.88607 0.900792 1.07635 1.04331 0.841619 0.904042 
0.9731 1.00887 0.995776 1.02182 0.988769 0.850691 0.756886 
0.984296 0.996335 0.992631 1.00535 1.02149 0.94206 0.879032 
0.943564 1.00435 0.987058 0.993612 1.00749 0.950808 0.85144 
1.01007 0.991521 0.996148 0.993545 1.00242 0.982535 0.929871 
0.986339 0.986571 0.991806 0.984658 0.987262 0.992895 0.986514 
0.987123 0.993466 0.975234 0.974457 0.990178 0.989187 0.924827 
0.978824 1.00367 0.987982 0.99343 0.998968 0.993165 0.988349 
0.984696 1.00155 0.996053 0.982627 0.99193 0.993076 0.935701 
0.938205 1.00045 0.987461 1.00515 0.999863 0.995343 1.03629 
0.983723 0.999011 0.993286 0.994637 1.00306 0.988058 0.923148 
0.960727 1.00487 1.00189 1.0005 1.00124 1.01527 0.961263 
1.0169 0.992728 0.986683 1.00105 1.00844 1.0009 0.868612 
0.887932 1.01731 1.00636 1.00682 1.00207 0.945623 0.753624 
0.808964 0.913263 1.03601 1.07531 1.05487 0.941954 0.873083 
0.733266 0.838028 0.907006 0.826188 0.832186 0.803002 0.704943 
0.696403 0.8227 0.840745 0.720298 0.895614 0.828718 0.753427 
0.656505 0.836144 0.93919 0.873956 0.929987 0.876966 1.0098 
0.75167 0.961815 1.03341 1.07762 1.17777 1.25908 1 
1 1 1 1 1 1 1 
1 1 1 1 1 1 1 
