0.00550816 0.00545972 0.00546158 0.00579034 0.00583832 0.00584924 0.00570192 
0.00573084 0.00577248 0.00549745 0.00563803 0.00559334 0.0057444 0.00558323 
0.00565296 0.00535724 0.00599322 0.00608173 0.00580417 0.00615709 0.00557629 
0.00552988 0.00600387 0.00556534 0.00587674 0.00533334 0.0053537 0.00553055 
0.00578698 0.00568414 0.0053992 0.00566024 0.00562711 0.00547886 0.00576761 
0.00560376 0.00563254 0.00559264 0.00582342 0.00564009 0.00553833 0.00567151 
0.00617129 0.00612465 0.00588809 0.00557292 0.00627252 0.00596557 0.00572158 
0.00558085 0.00611954 0.0061681 0.00543864 0.00609404 0.00628765 0.0058328 
0.00555611 0.00583817 0.00550305 0.00585856 0.00592767 0.00556374 0.00577423 
0.00591191 0.00559223 0.00575195 0.00567924 0.00564758 0.00559299 0.0055604 
0.00593676 0.00587674 0.00590284 0.00586332 0.00579133 0.00581561 0.00554112 
0.00568568 0.00594475 0.00568464 0.00593592 0.0061011 0.00594243 0.0059196 
0.00578549 0.00599101 0.00582043 0.00577518 0.00565571 0.00568429 0.00548278 
0.0056445 0.00548769 0.00579961 0.00570215 0.00570926 0.00609053 0.00547802 
0.00585693 0.00567825 0.00564935 0.00571455 0.00581994 0.00592419 0.00584747 
0.00577338 0.00566774 0.00568789 0.00601259 0.00569323 0.00577466 0.00552701 
0.00552259 0.00580109 0.00623567 0.00569866 0.00563783 0.00596322 0.00560855 
0.00597815 0.00578044 0.00591205 0.00553087 0.00596168 0.00584616 0.00601474 
0.00556714 0.00602414 0.0056247 0.00585429 0.00589225 0.00605751 0.00578651 
0.0057228 0.00568565 0.00588806 0.00572942 0.00579148 0.00574071 0.00563922 
0.00533822 0.00551507 0.00591484 0.00559354 0.00617068 0.00564349 0.00543547 
0.00555556 0.0056265 0.00564578 0.00557876 0.0056612 0.00584282 0.00542447 
0.00569843 0.00557214 0.00576534 0.00582298 0.00588559 0.00565513 0.00570229 
0.00570738 0.00581953 0.0052793 0.00538506 0.00537475 0.00543806 0.00541599 
0.00544233 0.00533639 0.00539865 0.00529611 0.0055275 0.00544268 0.00548176 
0.00533285 0.00554905 0.00545662 0.00554411 0.00534054 0.00544091 0.00539168 
0.00542943 0.00548447 0.00533395 0.00537896 0.00538021 0.00538982 0.00526585 
