0.00910491 0.00884027 
0.00853221 0.00911351 
0.00850634 0.00878158 
0.00897838 0.00855661 
0.00875997 0.00859395 
0.00856137 0.0083824 
0.0091548 0.00861643 
0.00863017 0.00863141 
0.00877461 0.00876619 
0.00844518 0.00902944 
0.00846185 0.00892559 
0.00841231 0.00883699 
0.00862961 0.00890738 
0.00836404 0.00867439 
0.00898564 0.00885703 
0.00885581 0.00845218 
0.00895364 0.00881561 
0.00893047 0.00883795 
0.00904149 0.00877409 
0.00913857 0.00864538 
0.00878434 0.00843757 
0.00898117 0.0085747 
0.00879468 0.00863928 
0.00838629 0.00884582 
0.00894115 0.00842953 
0.00883077 0.00831926 
