0.0151679 0.0147854 
0.0142168 0.0153593 
0.0138932 0.0149014 
0.0146893 0.0145862 
0.014307 0.0146479 
0.0144837 0.0139243 
0.0149914 0.0144001 
0.0142865 0.0146238 
0.0145962 0.0148554 
0.0142881 0.0153153 
0.0140109 0.0151583 
0.0141423 0.0151053 
0.014039 0.0151117 
0.0137789 0.014569 
0.0150482 0.0149091 
0.0146458 0.0143879 
0.0147496 0.0148432 
0.0149521 0.0149742 
0.0150492 0.0149325 
0.015278 0.0146669 
0.014592 0.0142204 
0.0150266 0.01456 
0.0147363 0.0146537 
0.0137642 0.0150628 
0.0145299 0.0142408 
0.0145317 0.0139498 
