0.00982544 0.00954864 0.00978764 0.0094757 0.00983972 0.00976949 0.00906697 
0.0091446 0.0088392 0.00914871 0.00893938 0.00919595 0.00978967 0.00905424 
0.00964312 0.00912534 0.0100808 0.00992302 0.00996411 0.0102514 0.00900593 
0.00874617 0.0102293 0.0086922 0.0100246 0.00913957 0.0086349 0.00905332 
0.00953344 0.00985666 0.009196 0.00965783 0.00961389 0.00919673 0.0093866 
0.00928041 0.00950847 0.009267 0.00965115 0.0101184 0.00927683 0.00926763 
0.0101035 0.00982796 0.0100193 0.0097585 0.0103109 0.0100269 0.00937014 
0.009314 0.0102889 0.0102064 0.00953228 0.00995041 0.0101119 0.00934444 
0.00919184 0.00994533 0.00930006 0.00975536 0.00994402 0.00926139 0.00909107 
0.00967622 0.00935064 0.00940117 0.00941535 0.00923399 0.00939894 0.00892903 
0.00992369 0.00988096 0.0100191 0.00948045 0.0094076 0.00976175 0.0092037 
0.00931932 0.0098963 0.00949782 0.00986218 0.0101813 0.00978358 0.0101289 
0.00933409 0.00988343 0.00964917 0.00969965 0.00948538 0.00921749 0.00927465 
0.00934197 0.00910651 0.00969568 0.00946341 0.00954385 0.010012 0.00904369 
0.00966204 0.00946733 0.00941061 0.00957008 0.00972671 0.00986987 0.0100937 
0.00962105 0.00944628 0.00937513 0.00999102 0.00948872 0.00970827 0.00924764 
0.00920428 0.0096633 0.0103634 0.00950784 0.00942319 0.00989688 0.00927901 
0.00969152 0.00962812 0.00990099 0.0092641 0.00998908 0.00970909 0.00997447 
0.00909833 0.0100039 0.00934681 0.00988464 0.009813 0.0100669 0.00960183 
0.00974936 0.00950034 0.00977786 0.00954056 0.00967105 0.00960687 0.00892951 
0.00936617 0.00952226 0.00992026 0.0095468 0.0103497 0.00939536 0.00962686 
0.00914499 0.00948025 0.00967448 0.00949927 0.0094275 0.00964331 0.0091583 
0.0096239 0.00954259 0.0097283 0.0094697 0.00967932 0.00939855 0.00967468 
0.00947062 0.00995191 0.00897738 0.00916217 0.00912727 0.00920815 0.00922867 
0.00919222 0.0091144 0.00907519 0.00903764 0.00899233 0.00909155 0.00868204 
0.00916043 0.0091658 0.00923491 0.00938607 0.00912814 0.00921357 0.00883847 
0.00925108 0.00944274 0.00926178 0.0092082 0.00915844 0.00922431 0.00898444 
