0.0112611 0.0109765 
0.0106305 0.0113002 
0.0103929 0.0108708 
0.0111729 0.0107159 
0.0108613 0.0107305 
0.0106579 0.0104443 
0.0113268 0.0105036 
0.0105813 0.0106924 
0.0109454 0.0109873 
0.0105597 0.0112949 
0.0106788 0.0109813 
0.0106199 0.0109258 
0.0104491 0.0111126 
0.010375 0.010655 
0.0112991 0.0108153 
0.0108248 0.0103716 
0.0112716 0.0110287 
0.0110727 0.0110251 
0.0113314 0.0107722 
0.0113224 0.0105579 
0.0108162 0.0104423 
0.0112229 0.0106193 
0.010877 0.0107131 
0.0103054 0.0109091 
0.0109469 0.0103703 
0.0108986 0.0102534 
