0.00693493 0.00699947 0.00703269 0.00744571 0.00741094 0.0074044 0.00689057 
0.00719419 0.00720493 0.00696023 0.00695777 0.00696042 0.00711099 0.00714522 
0.00708558 0.00681514 0.00743293 0.00749715 0.00732461 0.00761251 0.00720729 
0.00693831 0.00744306 0.00684103 0.00736062 0.00661778 0.00654166 0.00693268 
0.00723466 0.00715876 0.00675815 0.00711044 0.00719088 0.00684063 0.00729594 
0.00703244 0.00705541 0.00689566 0.00714144 0.00721412 0.00691805 0.00705269 
0.0075532 0.00761683 0.00755555 0.00727877 0.00773005 0.00741068 0.00751359 
0.00699251 0.00753639 0.00759225 0.006961 0.00749668 0.00783873 0.00721811 
0.0069145 0.0072547 0.00685373 0.00721502 0.00733409 0.00690016 0.00726523 
0.00726109 0.00697744 0.00711858 0.00697624 0.00693541 0.00684237 0.00704362 
0.00729002 0.00724773 0.00722983 0.00722711 0.00713604 0.00716014 0.00694074 
0.00700917 0.00730868 0.00700699 0.00732218 0.00751374 0.00729764 0.00729474 
0.00709371 0.00742197 0.00716613 0.00707937 0.00695196 0.00698579 0.00688506 
0.00694466 0.00676781 0.00712068 0.00703556 0.00705334 0.00747805 0.00706841 
0.00721887 0.00700038 0.00693345 0.00701512 0.00718421 0.00727321 0.00725532 
0.00712903 0.00695925 0.00694187 0.00740197 0.0070267 0.00709549 0.0068195 
0.00683809 0.00714664 0.00770119 0.00698521 0.00695145 0.00734436 0.00696274 
0.00735616 0.00710456 0.00727996 0.00685638 0.00732723 0.00716958 0.00736854 
0.006879 0.00742404 0.00690484 0.00722838 0.00727982 0.00742901 0.00716729 
0.00709131 0.00697563 0.00725183 0.00705146 0.00714435 0.00709828 0.00705331 
0.00693526 0.00701497 0.00739184 0.0069986 0.00766867 0.00703153 0.00698376 
0.00699722 0.0070418 0.00710943 0.00694662 0.00696938 0.00718522 0.00684814 
0.00714391 0.00696495 0.00711102 0.0071605 0.00727231 0.00695798 0.00709843 
0.00717528 0.007324 0.00654511 0.00666007 0.00664268 0.00683634 0.00681275 
0.00665938 0.00662119 0.00662439 0.00653498 0.00674846 0.00668276 0.00673107 
0.0066001 0.00682934 0.00665154 0.00678469 0.00658043 0.00667408 0.00663059 
0.00666537 0.0067302 0.00651425 0.00660983 0.0066625 0.00658253 0.00653854 
