0.0180673 0.0175082 
0.0168817 0.0180452 
0.0165523 0.0175356 
0.017916 0.0168321 
0.0173251 0.0174081 
0.0170171 0.0168325 
0.0178034 0.0168793 
0.0163817 0.0171077 
0.0171339 0.0176102 
0.016721 0.0178709 
0.0168664 0.0177084 
0.0168325 0.0173005 
0.0166264 0.0174997 
0.0162662 0.0173029 
0.0177679 0.0171359 
0.0171854 0.0167112 
0.0178081 0.0175052 
0.0174344 0.0177084 
0.0181985 0.0173447 
0.0183422 0.0169645 
0.0174199 0.0165492 
0.0176787 0.016868 
0.0173323 0.0173018 
0.0163993 0.0176941 
0.0173993 0.0164405 
0.0172075 0.0164436 
