0.0109895 0.0112421 0.0112372 0.011908 0.0117779 0.0117083 0.0109296 
0.0114182 0.0114428 0.011158 0.0112025 0.0110994 0.011521 0.0114821 
0.0113963 0.0109471 0.0120359 0.0119614 0.0117278 0.0121747 0.0115483 
0.0110317 0.0120773 0.0108217 0.0119069 0.0105793 0.0104101 0.0112287 
0.0115982 0.0115186 0.0109675 0.0114445 0.0113608 0.0109399 0.0118249 
0.0111961 0.011305 0.0110442 0.0115481 0.0115736 0.0110644 0.0113238 
0.0121399 0.0122153 0.0120851 0.0116841 0.0124618 0.0120568 0.0122537 
0.0112146 0.0122539 0.0123266 0.0110816 0.0120215 0.0124598 0.0115111 
0.0110777 0.0117589 0.0109757 0.0115099 0.0117082 0.0109859 0.0116102 
0.0115899 0.0111982 0.0113263 0.0111485 0.0109592 0.0110036 0.0111769 
0.011781 0.011696 0.0116931 0.0113995 0.0113722 0.0115591 0.0109738 
0.0111718 0.0117482 0.0112441 0.0118249 0.0121268 0.0115249 0.011639 
0.0111577 0.0117846 0.0114495 0.0113293 0.0110956 0.0109587 0.0108888 
0.0111434 0.0110143 0.0113848 0.0111431 0.0112494 0.012071 0.0112801 
0.0115813 0.0111516 0.0111226 0.0113342 0.0114958 0.0117043 0.0114945 
0.0114571 0.0111865 0.0111831 0.011821 0.0112232 0.0114079 0.0107792 
0.0108152 0.011383 0.0123467 0.0112498 0.0111544 0.0117576 0.0111064 
0.0116579 0.0114172 0.011702 0.0109387 0.0117602 0.0115424 0.011899 
0.0109747 0.0119087 0.0110683 0.0115294 0.0116446 0.0120218 0.0114301 
0.011384 0.0112103 0.0116986 0.0113404 0.0114701 0.0113674 0.0113182 
0.0111315 0.0112171 0.0118577 0.0111608 0.0121292 0.0112198 0.0112 
0.0112347 0.0113738 0.0114079 0.01112 0.0111511 0.0115854 0.0109811 
0.0114714 0.011204 0.0114793 0.0114617 0.0115863 0.0111532 0.011318 
0.0115055 0.0117914 0.010483 0.010696 0.0106381 0.0109606 0.0108889 
0.0107027 0.0106323 0.0106204 0.0105218 0.01088 0.0107539 0.010854 
0.0106296 0.0109707 0.01073 0.010901 0.0106175 0.0107725 0.0106919 
0.0108426 0.0108258 0.0105358 0.0106147 0.0106775 0.0106996 0.0105499 
