-8.92733 33.8863 76.1761 0.71733 606.056 110.051 -385.573 87.8694 80.2237 0.858138 -81.2591 24.6289 881.937 154.28 
74.8232 0.50592 81.4473 0.487527 73.9262 0.495372 82.2216 0.417573 78.8466 0.480378 75.6631 0.502117 51.4634 0.442934 
81.1177 0.515991 73.4236 0.474803 79.4218 0.560464 86.1079 0.508488 81.9505 0.693022 81.8673 0.594918 87.4147 0.667813 
79.3462 0.576024 89.2497 0.575354 77.2769 0.423559 88.2148 0.459906 64.5577 0.425032 68.3557 0.434926 87.2321 0.591659 
76.7983 0.457648 77.4262 0.456911 68.9184 0.41796 78.166 0.554459 72.7241 0.488612 79.1586 0.47401 53.2193 0.344425 
83.8903 0.464653 80.2709 0.478557 87.4332 0.550761 86.0809 0.598857 86.4619 0.581701 80.2053 0.430138 78.2646 0.506394 
106.804 0.813377 106.559 16.8776 -205.933 38.9228 110.023 15.2742 109.1 1.01323 121.272 13.6531 101.508 0.766392 
97.4467 0.606329 108.838 0.63137 109.569 0.886162 103.914 0.662325 112.291 0.637492 119.362 1.35262 112.005 1.02533 
73.1236 0.519079 80.8695 0.475799 70.7378 0.409681 78.7499 0.514434 83.7692 0.553767 70.5283 0.474913 78.3899 0.480294 
80.6693 0.47072 74.907 0.799005 81.8986 0.48753 69.9765 0.419004 78.0303 0.46437 81.5828 0.491099 83.627 0.511724 
80.7112 0.509325 82.3425 0.540501 82.7808 0.578234 79.4441 0.676671 73.2001 0.438088 74.7912 0.477633 74.1952 0.449467 
76.1926 0.454867 80.3341 0.529644 74.2154 0.450333 78.864 0.433286 77.6027 0.50154 79.5203 0.588443 81.472 0.549995 
76.8735 0.498708 81.7777 0.538819 76.3648 0.478349 83.573 0.464954 72.2602 0.476716 77.7542 0.52132 74.6551 0.483788 
78.473 0.411212 81.8759 0.481853 78.9499 0.51511 78.1512 0.469999 83.5058 0.495394 81.968 0.497592 83.6119 0.443035 
77.9335 0.480319 75.5574 0.385409 68.7666 0.397654 73.3081 0.46478 75.4007 0.515373 75.1841 0.426248 73.0872 0.488104 
77.8271 0.424247 117.486 0.93506 78.5422 0.509141 88.8184 0.571535 78.7206 0.459601 81.7465 0.512168 78.0434 0.477506 
76.3435 0.399983 79.9846 0.450327 87.4434 0.527259 70.85 0.48846 75.2069 0.461348 75.0218 0.49344 70.4164 0.405941 
85.9885 0.48431 77.1531 0.445487 85.5571 0.527227 75.813 0.422264 84.9159 0.411317 83.121 0.425826 81.8898 0.517157 
74.2788 0.404345 80.8073 0.499477 70.8757 0.445729 77.5081 0.52155 77.2977 0.593108 83.4215 0.480517 73.0483 0.473605 
79.7907 0.402294 76.8304 0.405749 82.7938 0.441296 76.4995 0.435402 79.9114 0.485852 76.2088 0.483899 86.7526 0.429394 
76.169 0.501827 72.0766 0.455354 79.4421 0.449209 77.812 0.458366 81.3786 0.46806 75.2498 0.482115 76.9664 0.42356 
79.2 0.418889 75.2121 0.382377 81.0118 0.454831 81.1305 0.487415 77.7697 0.434657 84.0775 0.522829 83.1593 0.479659 
81.894 0.423036 82.0892 0.523833 73.5934 0.437557 85.4505 0.465592 83.7467 0.626712 70.1832 0.450428 77.7277 0.42794 
82.7564 0.447118 88.4856 0.485838 70.4648 0.428467 72.8644 0.481768 67.3425 0.373993 88.8212 0.47233 86.2421 0.545288 
69.9301 0.547051 67.554 0.466209 65.5265 0.402206 68.1377 0.448091 68.2309 0.583329 67.6864 0.421303 67.0672 0.459371 
69.5971 0.471174 67.9673 0.526951 71.1075 0.544861 69.3895 0.507162 72.8693 0.459295 72.7546 0.497992 76.2674 0.640007 
128.481 374.143 70.4573 0.634371 70.0852 0.540448 68.4945 0.518861 71.7394 0.586623 80.3301 0.586251 0.846781 1.0988 
