1193.45 120.365 
116.331 3.9959 
105.141 1.21187 
135.199 3.54211 
110.64 1.49789 
89.6613 1.09265 
103.557 1.27784 
99.1969 1.1384 
101.658 1.09882 
92.1179 0.859452 
93.1018 1.27131 
97.5252 0.838108 
113.862 1.48155 
82.0365 1.03128 
96.901 0.96775 
107.74 1.15284 
111.052 1.15888 
91.948 0.971773 
97.5812 1.16454 
105.781 1.30898 
106.334 2.49669 
102.133 1.48497 
102.188 1.10726 
113.937 1.36144 
97.2915 0.924411 
114.394 1.54559 
117.377 1.41343 
108.218 1.47288 
91.8571 1.14461 
114.031 1.36015 
110.214 1.26107 
96.119 1.08974 
103.469 0.919484 
97.8045 1.11549 
97.1662 0.930579 
106.545 0.903085 
94.1358 1.01529 
101.789 0.965053 
111.028 1.55042 
99.7919 1.09102 
102.381 1.05425 
100.218 1.16899 
99.4858 1.03691 
104.82 1.20141 
102.978 1.01594 
110.04 1.19698 
105.912 1.22931 
110.842 1.13457 
118.751 1.0511 
114.71 1.11429 
120.976 3.07921 
565.821 116.356 
