469.636 99.9439 
74.2433 1.50223 
63.896 0.934197 
94.8524 1.57948 
71.9769 1.48054 
58.6411 0.937565 
79.553 0.901008 
57.3988 1.12845 
71.3749 0.914268 
68.1637 1.04164 
62.1097 1.20117 
69.8891 0.871359 
83.6707 1.14673 
54.6308 0.753312 
73.9644 0.816491 
75.1888 1.4586 
83.5712 0.796638 
74.781 0.980024 
75.4627 0.763488 
83.5188 1.06654 
97.3023 2.81247 
79.4718 1.10252 
81.2436 0.777618 
91.5499 1.06229 
73.8795 0.735662 
85.5035 1.05676 
84.921 1.25945 
84.51 0.98263 
76.5826 0.893374 
76.0264 0.849248 
77.1551 0.77074 
69.2855 0.762145 
78.2803 0.827632 
69.8524 0.742001 
74.1447 0.689293 
84.7433 0.805133 
70.6305 0.678703 
72.484 0.754254 
86.4681 0.967904 
69.3942 0.712151 
75.129 0.745302 
66.3841 0.655255 
68.6484 0.709514 
74.7941 0.803177 
72.972 0.793783 
74.1734 0.71446 
68.3726 0.807686 
78.908 0.872148 
76.2874 0.736954 
76.6146 0.561323 
86.3657 0.680642 
95.6772 0.92514 
