8.3851 0.700713 
7.76167 0.384995 
8.53789 0.128838 
7.16323 0.450862 
7.71851 0.134669 
7.39233 0.149247 
8.63603 0.146387 
6.99611 0.194817 
8.03072 0.160671 
8.38066 0.24197 
5.52202 0.257217 
8.52634 0.305694 
9.22263 0.204962 
6.62208 0.384097 
7.27152 0.184656 
7.55599 0.207092 
8.19647 0.171314 
7.67706 1.24017 
7.70269 0.17367 
7.74221 0.266953 
6.63165 0.464925 
8.3065 0.438248 
7.32413 0.179821 
7.27687 0.374701 
5.87023 0.295367 
7.47248 0.843398 
6.50279 0.348391 
7.58421 0.33191 
5.12189 0.483228 
4.51088 0.453213 
4.81294 0.27482 
6.83996 0.337216 
8.52897 0.332288 
8.92683 0.277053 
6.20627 0.511979 
9.23248 0.260447 
7.78993 0.153522 
7.60236 0.188181 
6.44416 0.363666 
7.89085 0.240099 
6.48827 0.199317 
5.61484 0.525343 
8.07782 0.157473 
8.21893 0.203179 
7.94964 0.138174 
8.70899 0.243199 
8.47304 0.131453 
9.41317 0.229235 
7.82082 0.177261 
8.48728 0.161134 
9.36295 0.214789 
9.54339 0.267722 
