20.3998 0.200349 19.1129 0.158611 19.8507 0.188093 19.6661 0.150611 19.2901 0.16271 19.7583 0.174167 17.9419 0.233104 
20.1601 0.116748 19.2719 0.102319 19.4038 0.111745 19.5724 0.0956909 19.6304 0.108736 19.685 0.128523 19.9715 0.121093 
19.9934 0.120084 19.2726 0.105354 19.6898 0.110728 19.9944 0.100405 19.4952 0.110184 19.112 0.118204 19.3215 0.115328 
19.4273 0.122891 18.9105 0.111731 19.8317 0.0954553 19.7243 0.101966 19.402 0.109209 19.8876 0.108202 19.2049 0.102955 
19.7113 0.104633 20.1285 0.117315 19.4401 0.127486 19.138 0.124388 19.3422 0.11802 19.2234 0.0953257 19.0145 0.113717 
19.7873 0.0954584 19.6112 0.1034 19.8717 0.104878 19.7295 0.118298 19.1424 0.119617 19.7314 0.102737 19.6507 0.105016 
19.4765 0.110309 19.5172 0.107612 19.7287 0.103946 19.7939 0.115886 19.8461 0.121468 19.8126 0.105498 19.3885 0.108132 
19.619 0.103856 19.6838 0.107319 19.9968 0.119449 19.9066 0.110929 19.8437 0.0914442 20.1235 0.120775 20.0787 0.12367 
20.0253 0.115859 19.4859 0.118776 19.777 0.0961041 19.8297 0.133716 19.4696 0.1175 19.789 0.130645 19.929 0.103793 
19.9892 0.106582 20.3898 0.111077 20.2932 0.111505 19.8051 0.113743 20.2786 0.124937 20.0926 0.119717 20.1771 0.105242 
19.935 0.111198 20.7693 0.113453 19.2728 0.104841 19.7183 0.126227 19.9828 0.103312 20.0771 0.110398 19.6976 0.113567 
19.6702 0.116203 19.9312 0.114207 19.84 0.101767 19.9893 0.121451 20.133 0.123841 20.1761 0.137284 20.175 0.137882 
20.162 0.120095 19.3755 0.118685 19.9667 0.104469 20.082 0.110939 19.7213 0.11302 20.1061 0.12143 19.5634 0.108784 
20.2531 0.0969472 19.55 0.103306 20.5167 0.118054 19.8363 0.10798 20.1448 0.109182 20.0736 0.113814 19.7835 0.100328 
19.8248 0.113544 20.0854 0.109722 19.7584 0.117735 20.0088 0.121729 19.9999 0.119931 19.8736 0.113905 19.8142 0.121901 
20.0429 0.0981072 19.7175 0.110497 20.1978 0.118024 20.2238 0.113534 19.7152 0.119067 20.0655 0.0955566 20.0798 0.115911 
19.7654 0.0992522 19.9949 0.11219 19.9611 0.113817 19.8953 0.1149 19.6807 0.108914 19.9118 0.121751 19.6517 0.107996 
20.2844 0.103724 20.0367 0.109815 19.9577 0.126294 19.8611 0.111057 20.0676 0.0961588 20.0915 0.0982832 19.8236 0.120961 
19.6262 0.113492 20.0192 0.109036 20.1288 0.120769 19.5746 0.119152 19.9981 0.0992246 19.7282 0.111974 19.6682 0.113364 
19.8583 0.0923606 20.153 0.103401 19.9987 0.0992892 19.8179 0.100712 19.9085 0.119722 19.5439 0.1308 19.8526 0.0954956 
19.9354 0.118106 20.144 0.116174 19.6404 0.102757 19.8666 0.11668 19.7404 0.106249 19.5988 0.105175 19.6644 0.122854 
19.6982 0.110999 19.8232 0.0888989 19.7004 0.101758 19.4611 0.104466 19.7103 0.0971374 19.1468 0.113859 19.8888 0.10602 
19.795 0.100008 19.9813 0.109886 19.4038 0.102673 19.7818 0.0957156 19.2764 0.107711 19.9413 0.118118 19.649 0.111204 
19.05 0.0944007 19.3503 0.108677 19.4189 0.102749 19.307 0.110466 19.4157 0.102269 19.781 0.0931443 19.4712 0.105195 
18.8406 0.111839 19.3276 0.110498 19.4449 0.110916 19.3073 0.105362 19.2429 0.120124 19.0563 0.106852 19.2916 0.116825 
18.5769 0.10241 19.2518 0.127518 18.6043 0.114371 18.9235 0.109085 19.1547 0.104619 18.7495 0.112404 19.1237 0.121905 
18.6581 0.163754 18.7052 0.165455 18.7659 0.139596 19.356 0.147772 19.5843 0.156677 19.3721 0.159926 19.4727 0.180381 
