19.2373 0.517767 
20.3709 0.444982 
21.8707 0.223201 
17.8323 0.534694 
21.3298 0.193317 
20.161 0.273088 
28.401 0.220027 
19.5767 0.269812 
26.1567 0.214836 
21.7035 0.250761 
20.9666 0.168808 
22.4993 0.276392 
27.5971 0.272902 
17.4226 0.208192 
22.1814 0.187682 
21.0052 0.277713 
24.0115 0.202849 
24.7513 0.338599 
23.8369 0.215581 
20.7004 0.249853 
28.0812 0.361731 
20.1578 0.231376 
24.5659 0.19858 
20.408 0.286768 
19.4964 0.169156 
20.3294 0.245591 
21.0044 0.203254 
18.4132 0.206447 
23.3997 0.217587 
15.5297 0.213943 
17.2995 0.2305 
17.1532 0.206772 
22.9915 0.211183 
24.1149 0.302159 
21.9004 0.19992 
22.1488 0.259785 
22.7406 0.20659 
17.4271 0.242729 
21.8117 0.230861 
18.4774 0.244987 
19.3783 0.199412 
19.8495 0.251055 
23.0109 0.239284 
18.1022 0.200182 
22.0635 0.207924 
18.9568 0.22532 
21.1583 0.191126 
18.8569 0.255405 
21.1184 0.222023 
17.6804 0.218558 
21.1313 0.334822 
20.404 0.38644 
