16.0662 0.501694 
18.0976 0.397978 
17.1962 0.343386 
20.7479 0.47072 
20.4005 0.622991 
17.2795 0.416766 
21.263 0.709723 
17.0327 0.336481 
21.6464 0.520715 
20.3172 0.482299 
21.4339 0.626481 
22.6546 0.475258 
24.288 0.873121 
17.4909 0.408549 
19.54 0.380592 
22.436 1.0282 
22.5017 0.586865 
22.3176 0.635449 
20.1191 0.611486 
23.0487 0.87276 
20.2266 0.908453 
23.5204 0.939523 
21.413 0.698404 
38.3532 30.7014 
20.0095 0.671442 
23.3836 0.947806 
22.7944 0.743922 
21.146 0.533478 
20.8509 0.888498 
25.3793 2.67334 
22.0209 0.749748 
24.3532 1.98911 
22.5645 0.576937 
19.528 0.524806 
21.8537 0.606713 
23.4022 0.843197 
20.8232 0.626126 
23.3907 0.802987 
22.9171 0.841542 
20.2842 0.54521 
23.7837 0.31185 
19.5183 1.14031 
18.8071 0.471438 
21.9843 0.75503 
20.3569 0.567195 
21.7266 0.452463 
21.5643 0.396562 
20.3288 0.499436 
21.6203 0.461337 
21.1252 0.32132 
24.4831 2.55943 
66.611 40.9895 
