27.0419 0.281292 17.5782 0.186078 20.7192 0.202928 18.118 0.150047 22.0102 0.193331 26.7484 0.2418 31.4172 0.388624 
21.7685 0.130709 20.6408 0.119408 22.154 0.141363 20.2726 0.103782 18.6979 0.103989 16.008 0.106428 19.8985 0.117994 
18.6172 0.119226 17.514 0.109121 17.3303 0.105589 20.8034 0.109891 17.4825 0.110789 18.6512 0.123804 17.2594 0.115929 
23.4017 0.143071 16.3399 0.105243 22.3383 0.113362 16.9676 0.0883611 16.046 0.101227 20.7164 0.124546 15.6982 0.0897068 
21.2497 0.115361 18.0185 0.116951 23.2904 0.152188 21.7751 0.146396 21.5793 0.138417 20.0309 0.102454 17.9919 0.113414 
20.9417 0.108565 18.6423 0.12414 18.15 0.105386 18.081 0.114238 14.6305 0.108439 20.3224 0.111376 17.7374 0.111119 
12.6254 0.0850793 16.3138 0.0895453 12.8755 0.0741985 13.5686 0.0855973 14.3152 0.101253 15.2931 0.0859712 14.2269 0.0929983 
14.7577 0.0833966 12.8779 0.0739056 15.5285 0.0970368 12.0683 0.0799825 14.5472 0.0785417 19.4913 0.123152 14.6028 0.100661 
21.8994 0.131402 17.3298 0.105835 19.7786 0.100666 18.711 0.132 20.3617 0.124431 22.4012 0.140797 22.5286 0.125426 
20.8386 0.120045 30.4146 0.203674 22.7744 0.139149 19.5222 0.117859 20.7022 0.131059 16.1556 0.104584 18.2874 0.10366 
18.8484 0.110927 17.6916 0.103778 15.6477 0.0876779 21.1444 0.136925 20.8978 0.115161 18.2289 0.113893 21.6616 0.134797 
20.4028 0.127105 18.606 0.110923 19.5592 0.108709 18.2888 0.106092 19.4181 0.119681 19.8142 0.140439 19.2257 0.128745 
19.483 0.133102 19.5301 0.134174 21.0525 0.119955 18.3154 0.103887 19.3436 0.12676 21.9784 0.137962 23.2522 0.13729 
17.8748 0.0922624 25.0348 0.150182 17.9183 0.106932 21.9494 0.141845 17.7943 0.105826 19.4393 0.118737 16.017 0.0818813 
20.4377 0.132599 20.3519 0.108172 20.663 0.120757 20.0129 0.122987 21.7367 0.135071 20.4388 0.123605 23.3338 0.155647 
20.2791 0.0989013 18.7723 0.110692 20.118 0.128493 18.7365 0.121231 19.1106 0.131118 18.7929 0.113258 18.7447 0.128231 
20.9933 0.115463 20.9508 0.123402 20.0744 0.119196 20.7491 0.128686 22.1154 0.124994 21.098 0.134287 19.5161 0.123375 
21.9317 0.122344 19.9803 0.119503 20.4323 0.123982 19.9797 0.118289 17.967 0.0927277 18.6172 0.101501 19.4135 0.12747 
20.6888 0.113299 20.5471 0.123744 20.0468 0.12289 19.6088 0.118216 20.4129 0.108662 20.2938 0.137848 21.0488 0.129324 
19.5747 0.0947432 17.991 0.0991371 19.4994 0.103873 19.754 0.104575 19.4554 0.121963 18.5078 0.119256 17.8728 0.0860384 
20.6729 0.129884 17.6556 0.107101 18.7304 0.117207 17.7997 0.10903 19.4022 0.109562 20.6339 0.129049 19.2347 0.118 
20.5419 0.115423 19.712 0.100275 17.3225 0.097107 17.6603 0.103821 19.4696 0.109032 18.2405 0.11062 17.6663 0.107773 
18.6077 0.101411 18.2069 0.114117 20.96 0.109228 21.8367 0.111451 22.6613 0.134161 20.3899 0.128545 18.1414 0.107224 
17.8926 0.0998477 16.5814 0.0953238 17.5197 0.0962365 16.8054 0.099596 16.8303 0.085267 18.0011 0.0937362 15.6408 0.0897751 
17.7062 0.116548 18.434 0.11545 18.8581 0.12059 18.0087 0.107079 20.5211 0.14003 19.34 0.125158 21.0364 0.136484 
17.0398 0.11123 21.0937 0.15156 17.7888 0.117561 18.2673 0.122021 16.5364 0.0924731 16.4279 0.109117 18.2986 0.142072 
13.3097 0.128094 13.9241 0.127755 12.7648 0.106212 13.3537 0.109305 15.3704 0.132562 11.8701 0.105073 17.9522 0.172323 
