10.0691 0.755473 8.49025 2.25281 9.65236 0.469412 9.34261 0.539546 10.1953 0.389734 9.35444 2.59599 9.11347 0.980112 
8.83175 0.229205 8.561 0.235543 8.93983 0.249392 9.02828 0.235612 9.05073 0.19312 10.2904 0.272405 9.31795 0.319356 
7.28628 1.80299 9.89923 0.318006 9.44436 0.265948 8.55821 0.271414 9.50498 0.284801 9.06393 0.318186 8.66774 0.224508 
8.6911 0.313532 9.26294 0.2639 9.1696 0.221538 8.76529 0.198422 9.58349 0.276141 8.95808 0.22593 9.26051 0.301647 
10.5684 0.262928 7.70268 2.25071 10.1128 0.30255 10.4894 0.300773 9.74761 0.233816 9.55583 0.26464 9.56567 0.240612 
9.76605 0.348239 8.93965 0.208785 9.02576 0.214577 9.45579 0.423677 9.87895 0.350681 9.01401 0.247543 8.85081 0.383856 
7.12805 0.292115 6.25469 0.187656 6.67227 0.237369 3.29051 2.19603 -4.14119 13.6199 5.88683 0.866614 6.97415 0.217473 
5.15562 1.93144 7.10225 0.195373 5.02824 0.789946 6.76297 0.227555 4.68704 1.38595 -5.70654 22.6549 -1.7196 8.00583 
10.147 0.34235 9.08414 0.224192 10.952 0.366846 10.3796 0.531166 9.6325 0.246907 9.95862 0.339335 10.8904 0.497623 
8.96627 0.286089 9.39815 0.449486 8.70083 0.226374 8.96675 0.294958 9.22613 0.25632 9.63655 0.255702 8.50948 0.223214 
9.45772 0.213703 10.0759 0.248916 10.0844 0.263386 8.96328 0.27974 9.65891 0.290641 9.54883 0.315498 8.89216 0.328441 
9.60396 0.407021 9.77293 0.224393 9.37908 0.472052 9.50074 0.28371 9.72873 0.247343 9.08749 0.347673 8.70362 0.378641 
10.6479 0.256143 9.44779 0.261995 9.62011 0.261607 9.62617 0.335608 10.1768 0.265063 9.92 0.50232 10.9274 0.298667 
10.4943 0.233426 11.9516 0.3852 10.6541 0.193824 9.32795 0.327776 9.2243 0.177708 10.1464 0.263156 9.8467 0.263221 
10.6195 0.299798 10.0954 0.271537 10.8786 0.266738 9.64357 0.349557 10.3032 0.296245 10.6702 0.249556 9.69301 0.292475 
9.8425 0.197271 8.60954 0.206197 9.85351 0.256602 8.2575 0.319946 9.83018 0.401488 9.93489 0.195087 9.09023 0.365736 
9.61704 0.246615 10.5375 0.388016 9.27023 0.296443 10.4536 0.36767 10.2368 0.441668 10.5268 0.343005 9.89108 0.235683 
9.63608 0.240114 9.71076 0.270958 9.40986 0.321457 8.71441 0.257654 9.55973 0.177231 9.50028 0.169685 8.53997 0.408154 
9.53936 0.178268 9.5421 0.211472 9.71569 0.251233 8.92776 0.539136 9.65016 0.243419 10.0995 0.298243 9.85125 0.313413 
10.6691 0.23479 9.35082 0.23292 9.43171 0.189014 9.49333 0.197145 10.0677 0.326762 9.41719 0.302567 9.07085 0.181386 
9.22358 0.328241 9.53302 0.221838 10.8751 0.29412 9.94627 0.338963 10.8854 0.31468 9.83433 0.272372 9.6241 0.213442 
9.20078 0.199026 8.67377 0.572851 8.83248 0.198026 9.39823 0.228625 9.27008 0.233576 9.61987 0.281388 8.90514 0.309971 
9.23088 0.180932 9.27852 0.350761 11.0212 0.247873 8.81301 0.161909 9.25394 0.250091 10.0064 0.295506 10.0031 0.218826 
9.09397 0.205238 8.04157 0.194928 9.03041 0.246172 8.98786 0.242585 9.44717 0.194083 8.73907 0.254378 8.71872 0.283612 
9.4813 0.482112 8.68017 0.176933 9.15209 0.236876 9.21363 0.21012 9.14767 0.574054 9.4572 0.192701 8.69064 0.225225 
9.20478 0.315063 5.91028 1.22603 9.23678 0.343275 8.63392 0.210974 8.15469 0.14416 8.52695 0.277922 8.11195 0.482729 
9.88844 0.451186 8.29217 0.615795 9.52349 0.274882 9.7543 0.417089 8.63644 0.555609 8.5879 0.299813 8.43694 0.325959 
