5.76231 0.638613 
-67.2405 22.8816 
-18.8252 11.2852 
4.73354 0.105885 
-0.656011 5.25287 
8.10965 52.3769 
3.49616 2.34674 
-22.6884 20.2828 
7.56135 129.507 
-29.5798 98.8449 
-88.8391 94.1867 
6.21335 12.6108 
5.5232 60.6093 
7.84283 116.618 
-40.5443 79.2889 
5.68979 0.517917 
8.14131 10.091 
5.93038 5.01231 
8.49852 1.72936 
7.75 0.872694 
5.77295 78.3979 
8.25 0.436347 
9.43034 5.01036 
12.9304 5.01126 
3.93036 5.01126 
5.93036 5.01126 
10 1.96356 
0.419181 5.00716 
4.43036 5.01126 
10.4304 5.01126 
8.89264 183.745 
8.5 1.09087 
11.9257 5.0786 
12.9304 5.01131 
-85.9071 727.054 
8.43042 5.01473 
5.87574 0.865026 
-53.7675 69.9003 
8.58189 191.449 
-13.5799 123.537 
5.06219 11.3708 
-103.064 187.253 
-131.167 116.9 
-29.0039 427.353 
-89.8802 53.9588 
7.33837 6.24535 
12.95 3.32894 
-31.1378 87.4094 
5.07577 0.164101 
8.79965 1.13887 
5.92164 0.219264 
11.7157 13.4015 
