14.6916 0.200738 
14.7207 0.156493 
14.9926 0.108686 
14.8578 0.276524 
14.5492 0.100016 
14.6436 0.126144 
14.8875 0.100376 
14.7316 0.124109 
14.7158 0.0959878 
14.6682 0.109268 
15.1164 0.106853 
14.643 0.111821 
14.572 0.104622 
14.6937 0.130084 
14.8749 0.0960324 
15.0772 0.124045 
14.8144 0.094443 
14.921 0.13722 
14.843 0.094958 
14.9071 0.130751 
14.6842 0.133702 
14.9151 0.109894 
14.982 0.0980413 
14.8206 0.114558 
14.7718 0.0924504 
14.5297 0.128684 
15.1164 0.102692 
14.5669 0.122112 
15.0819 0.0942443 
14.7807 0.136543 
15.1457 0.107656 
15.0223 0.129261 
14.8375 0.0925182 
14.5023 0.177349 
14.7766 0.0974607 
14.7215 0.139799 
14.8432 0.0893851 
14.7805 0.116293 
14.6786 0.108924 
15.1625 0.11387 
15.0995 0.098527 
14.8322 0.111413 
14.971 0.0958494 
14.9865 0.116568 
14.6403 0.101273 
15.0624 0.124875 
14.9177 0.0918669 
14.9021 0.134376 
14.6501 0.0946642 
14.8453 0.11916 
14.7266 0.126753 
15.0176 0.129281 
