14.2144 0.153759 
12.198 0.116537 
12.6926 0.0734803 
13.469 0.209226 
11.8931 0.0776703 
12.4179 0.101975 
12.2275 0.0776229 
12.3083 0.0935622 
12.6005 0.0739875 
12.5062 0.0898938 
12.5401 0.0820988 
11.9833 0.134275 
11.7138 0.0798467 
11.9489 0.153539 
12.5843 0.087132 
12.1831 0.0929933 
12.4154 0.0718955 
12.4745 0.0920868 
12.9544 0.0749906 
12.9467 0.0969209 
12.918 0.111532 
12.3249 0.1006 
12.6614 0.0659024 
12.5984 0.0932061 
12.7164 0.0739691 
12.3784 0.0945036 
12.6298 0.0765634 
12.9554 0.0916677 
13.3652 0.0772526 
13.1145 0.102162 
12.8746 0.139055 
12.8025 0.0946262 
12.498 0.0804816 
12.7123 0.0928937 
12.3627 0.0769697 
12.6669 0.0847079 
12.3862 0.0737464 
12.9052 0.091648 
12.8062 0.083667 
13.0029 0.0881333 
12.5636 0.0728351 
12.4746 0.0836833 
12.6759 0.0742294 
13.1462 0.0942845 
12.6721 0.0694017 
12.6815 0.0792336 
12.3867 0.0679436 
13.4852 0.100942 
11.8358 0.0779318 
12.0125 0.14044 
13.2549 0.107844 
13.2847 0.103944 
