9.23101 0.218902 
9.01295 0.187393 
9.19708 0.183748 
8.48727 0.207604 
8.19465 0.216596 
9.07029 0.176029 
8.13759 0.14036 
9.10531 0.304242 
8.11403 0.192973 
8.53817 0.132272 
8.5262 0.155003 
8.68049 0.169879 
9.03884 0.222158 
9.54567 0.201208 
8.61019 0.162479 
8.78094 0.156238 
8.20469 0.151786 
9.07086 0.193953 
8.62466 0.175782 
8.7965 0.149052 
5.98334 0.408929 
9.19887 0.19768 
8.20077 0.161994 
9.43394 0.174628 
8.0742 0.191622 
9.27998 0.243018 
7.59755 0.16791 
8.3598 0.160557 
8.01371 0.153142 
8.89223 0.174629 
8.20573 0.218384 
9.24727 0.160752 
8.38294 0.119544 
9.06303 0.148356 
8.50319 0.161874 
8.95601 0.156503 
9.4496 0.127309 
8.648 0.15198 
8.56148 0.162464 
8.83412 0.142946 
8.83965 0.15897 
9.18032 0.175846 
9.15377 0.169456 
8.47227 0.1692 
8.72948 0.143646 
8.86561 0.18336 
8.58441 0.148406 
9.07018 0.162383 
8.34613 0.127689 
9.03654 0.121828 
8.82934 0.152403 
8.92666 0.158388 
