27.2081 0.304101 27.9493 0.285959 27.8755 0.323587 27.5764 0.238905 26.6649 0.232273 27.1505 0.273886 26.5156 0.394943 
27.8492 0.185433 27.1751 0.163859 27.9879 0.194128 27.2622 0.150481 28.2589 0.180115 27.6097 0.190395 27.0386 0.17931 
27.261 0.1987 27.8817 0.185114 26.5265 0.194096 27.1079 0.162825 26.9252 0.16235 27.1624 0.175615 27.3185 0.183207 
28.3694 0.199086 28.1343 0.195427 28.0572 0.160484 27.0413 0.148765 29.4381 0.190612 28.5928 0.17117 27.0331 0.168794 
26.9916 0.164526 27.4956 0.195296 27.6125 0.20113 27.2403 0.212835 27.7638 0.180467 26.8615 0.170429 27.1525 0.182286 
26.9799 0.143212 27.8773 0.172013 26.9141 0.159814 27.3522 0.190033 26.797 0.209083 27.8081 0.159576 27.5249 0.156513 
27.0351 0.158215 27.4368 0.174047 26.5446 0.174459 27.0672 0.174884 26.7803 0.241306 26.8208 0.168918 27.6905 0.19086 
27.8592 0.17992 27.229 0.164959 27.1331 0.187636 27.9943 0.180377 27.0291 0.147627 26.7442 0.208282 27.7336 0.206978 
27.583 0.181431 27.3213 0.181732 27.3993 0.173948 27.169 0.199464 27.5454 0.203464 27.9928 0.211494 27.2862 0.159509 
26.9574 0.168665 27.7139 0.186416 27.2351 0.166154 28.3169 0.192394 27.7371 0.207619 27.5164 0.196531 27.205 0.162244 
27.2052 0.179309 26.4737 0.187987 27.4681 0.180655 26.8743 0.185619 27.7775 0.172204 27.1605 0.169157 27.8814 0.184558 
27.7217 0.185602 27.7184 0.185018 27.9796 0.155813 27.013 0.173437 27.8906 0.203437 27.2788 0.21637 26.8343 0.215629 
27.5178 0.187743 27.2652 0.188919 27.3823 0.175768 26.6965 0.171073 27.8512 0.187851 27.57 0.186708 27.4841 0.178329 
27.2925 0.145789 26.2258 0.157675 27.1877 0.173597 27.6272 0.175987 26.8845 0.168148 27.344 0.183127 26.7821 0.153174 
26.9484 0.170874 27.5261 0.165043 27.5346 0.214407 28.2333 0.190663 27.0122 0.184245 27.4328 0.172136 28.4608 0.209345 
27.1384 0.157298 27.4804 0.167755 27.7242 0.206368 26.937 0.184102 27.4108 0.177244 27.4554 0.154513 27.6994 0.19784 
27.956 0.168051 27.1864 0.180244 27.0806 0.173194 27.7512 0.198643 27.3203 0.174226 27.1474 0.191748 28.1762 0.197947 
26.6448 0.194945 27.8753 0.178653 27.1125 0.174167 27.9211 0.172904 26.7899 0.16452 27.1497 0.151567 27.2876 0.177748 
28.0095 0.170192 26.9589 0.186003 27.7944 0.197482 27.0551 0.182959 26.9506 0.154457 27.5178 0.176908 27.6634 0.188735 
27.1801 0.154538 27.4466 0.165469 27.6627 0.155202 27.729 0.16142 27.7858 0.175731 27.7894 0.204248 27.4843 0.150326 
27.5881 0.193982 27.5895 0.185748 27.2078 0.164676 28.0558 0.187688 26.8992 0.186811 27.6937 0.177861 27.0728 0.171905 
27.3537 0.155395 28.2361 0.143123 26.8761 0.177137 27.5588 0.167802 27.602 0.161718 27.2148 0.180116 26.982 0.163999 
27.1257 0.158005 27.5316 0.184051 27.2545 0.162235 27.3775 0.146725 27.4898 0.17997 28.624 0.204362 27.3866 0.15999 
27.5198 0.157862 27.4013 0.170296 28.5144 0.167977 28.8913 0.189024 28.5317 0.170385 27.1419 0.151596 26.9403 0.178915 
28.2076 0.190573 28.7903 0.191924 28.7594 0.19115 28.317 0.174404 28.197 0.196615 29.3217 0.20047 28.5139 0.205192 
28.3607 0.1782 29.2192 0.20151 27.7435 0.1984 28.3791 0.201468 28.2908 0.163534 28.2801 0.1949 28.372 0.206085 
28.6727 0.275171 28.1261 0.250762 28.4364 0.245132 28.7919 0.28066 28.8559 0.25927 28.7302 0.285353 29.3762 0.343103 
