26.6771 0.273128 25.363 0.252832 27.7338 0.292369 25.9443 0.224169 27.0075 0.240612 26.2004 0.26842 26.7034 0.428736 
26.1254 0.162406 25.525 0.154646 26.7643 0.168436 24.994 0.13417 25.2272 0.143302 26.717 0.187375 25.1152 0.167213 
25.4483 0.167174 25.8872 0.152084 26.3614 0.171882 24.9321 0.143822 25.7888 0.152306 25.7762 0.155956 25.7198 0.156664 
25.4451 0.16501 24.5528 0.165323 25.9454 0.145673 23.8127 0.137264 24.7119 0.153097 24.5104 0.149581 23.9481 0.14574 
28.1889 0.168723 26.3431 0.171197 27.7976 0.205054 26.1599 0.2031 27.6619 0.181067 26.7119 0.150208 26.541 0.165181 
25.0516 0.140784 25.1625 0.153987 24.6153 0.149676 24.561 0.161705 24.7088 0.173335 25.1374 0.138829 24.7388 0.145436 
18.9608 0.121145 19.1139 0.109374 19.4852 0.124739 19.0605 0.130154 19.3423 0.143355 19.8614 0.122876 20.0601 0.127071 
19.7286 0.119009 18.2684 0.115854 18.9287 0.133281 18.2604 0.120143 18.3482 0.102178 17.8479 0.117088 18.118 0.121714 
27.114 0.159526 26.1051 0.166926 27.3626 0.15391 26.1219 0.184173 26.0837 0.17103 28.0586 0.18489 26.9546 0.150355 
26.7065 0.168822 25.8878 0.155578 24.9614 0.145523 26.3712 0.168282 25.4844 0.170109 25.2031 0.15895 24.5478 0.149209 
26.7059 0.163673 25.8366 0.219645 26.2459 0.16612 25.8616 0.178082 26.7573 0.150591 27.2209 0.183402 26.9514 0.170079 
26.6689 0.176518 26.1695 0.16622 26.1737 0.145737 25.6958 0.141392 26.3034 0.168939 25.814 0.199168 26.1563 0.181891 
26.4703 0.205058 26.0889 0.167004 26.8327 0.159597 26.4323 0.15472 27.16 0.169627 26.6391 0.182709 27.5683 0.169592 
26.381 0.135589 24.2436 0.139071 26.2057 0.164197 24.6512 0.153348 23.9816 0.151125 25.7832 0.161107 25.2797 0.141435 
26.8302 0.168292 26.2694 0.143184 27.8962 0.171142 26.4366 0.169164 26.8147 0.170195 27.4021 0.171953 27.8197 0.186898 
26.5653 0.140432 25.137 0.151501 25.5378 0.176062 24.2085 0.151876 24.8031 0.170598 25.0276 0.133163 25.4542 0.16475 
26.5424 0.144823 25.9998 0.159568 25.2923 0.15372 26.4692 0.173256 27.5118 0.167796 27.1486 0.174058 27.525 0.16289 
25.5723 0.143663 25.2753 0.158363 25.6258 0.164113 24.6843 0.157513 24.5928 0.13162 24.6576 0.130668 24.8798 0.163743 
26.5308 0.14322 25.5942 0.163556 26.2518 0.185763 24.8048 0.170544 26.5857 0.149345 26.3925 0.160603 27.1628 0.174383 
26.6332 0.135076 25.5017 0.139801 24.9008 0.134419 26.2079 0.140474 25.51 0.171045 25.9601 0.166118 23.9278 0.127507 
25.2535 0.178855 26.2965 0.160103 26.6254 0.161436 24.7347 0.164232 26.9096 0.164311 26.7011 0.170759 25.8172 0.157227 
25.8545 0.14726 26.2122 0.130928 24.4623 0.138821 24.4166 0.145186 25.6945 0.14491 24.9021 0.159515 24.1602 0.145059 
25.7157 0.134995 24.6531 0.164257 29.0561 0.16692 24.7511 0.136741 25.194 0.168586 26.5732 0.171692 26.1721 0.143268 
24.9888 0.14817 23.7515 0.152381 25.1704 0.133185 24.6312 0.156583 24.6126 0.143882 24.1849 0.130238 23.0673 0.135524 
25.6502 0.175661 25.9109 0.162284 26.6201 0.156323 25.6935 0.156877 27.0341 0.198031 25.6482 0.161515 27.5724 0.196115 
25.9599 0.159841 26.6886 0.183849 25.0228 0.173334 26.0861 0.165368 23.9094 0.143432 23.9408 0.157361 24.1938 0.175101 
25.2211 0.237628 24.0522 0.242571 24.9301 0.23273 24.5908 0.200791 23.9542 0.209501 21.3658 0.184931 22.5739 0.220072 
