15.8712 0.160274 
13.9704 0.134338 
14.0725 0.0905215 
15.0503 0.211088 
13.3336 0.0874457 
13.6849 0.115926 
13.5499 0.0851671 
13.5376 0.107098 
13.8256 0.0915157 
13.6771 0.130416 
13.8342 0.105358 
13.6112 0.120635 
13.1533 0.0959995 
13.1439 0.168941 
13.7516 0.0876574 
13.3894 0.110644 
13.7984 0.0835798 
13.6262 0.111806 
14.2391 0.089283 
14.2222 0.109568 
13.3821 0.121713 
13.6597 0.106216 
14.0315 0.0837051 
13.9119 0.106166 
14.2383 0.0894893 
13.8182 0.104643 
14.1416 0.091824 
14.0292 0.121863 
14.3859 0.0939086 
14.4497 0.109869 
14.7061 0.106336 
14.3154 0.121341 
13.6999 0.0979111 
13.9993 0.109524 
13.5164 0.0863771 
13.9502 0.100233 
13.5154 0.075632 
14.0399 0.109119 
13.9588 0.0945978 
14.2785 0.117483 
13.8235 0.11151 
13.7771 0.0967283 
13.8598 0.0881149 
14.3591 0.103228 
13.5578 0.082571 
13.8052 0.0925413 
13.8611 0.0873381 
14.6393 0.110453 
13.2194 0.0802328 
13.5179 0.105255 
14.4787 0.134562 
14.293 0.119247 
