8.21397 1.95775 
7.76167 0.384995 
8.53789 0.128838 
6.90044 0.354857 
7.0346 0.132712 
7.44446 0.141317 
7.53463 0.126831 
7.56252 0.238265 
7.49143 0.149803 
7.56175 0.211398 
5.8348 0.113095 
7.33928 0.218628 
7.94841 0.147367 
6.36921 0.17175 
6.6902 0.15527 
6.96149 0.211985 
7.0072 0.152646 
6.77803 0.202884 
7.09913 0.141556 
6.58529 0.216433 
6.41463 0.36268 
6.93655 0.322234 
6.16542 0.128165 
6.64764 0.269106 
4.45281 0.412464 
6.91551 0.267268 
6.04085 0.165281 
7.00632 0.330135 
5.20457 0.455528 
6.09147 0.242726 
4.42562 0.191285 
6.47713 0.189002 
7.75833 0.208106 
9.04691 0.464456 
6.42525 0.136206 
7.65069 0.310648 
7.08481 0.131083 
6.87925 0.187692 
6.47396 0.131318 
7.34785 0.212628 
5.4023 0.330233 
6.37745 0.167085 
7.74554 0.147152 
7.9406 0.21192 
7.68769 0.137753 
8.23476 0.324442 
8.02407 0.141182 
9.08455 0.205416 
7.6262 0.134336 
8.2119 0.144271 
8.51688 0.252826 
8.54603 0.290387 
