17.1487 0.239137 
18.062 0.209401 
17.0379 0.132415 
19.0829 0.251844 
20.6855 0.13972 
16.8475 0.13882 
21.5927 0.14633 
16.7822 0.139954 
21.5329 0.144922 
18.9525 0.155636 
20.6724 0.142078 
20.9943 0.186419 
24.8112 0.19631 
16.0877 0.158898 
18.9895 0.133315 
21.1087 0.197111 
23.3745 0.169979 
21.5612 0.204062 
19.8908 0.129785 
22.1656 0.19879 
21.7857 0.24149 
20.6103 0.180959 
21.028 0.131975 
22.2447 0.187559 
18.4458 0.120505 
22.092 0.211258 
22.4345 0.164943 
19.9999 0.182862 
19.5435 0.129442 
21.3473 0.228506 
22.1395 0.146788 
19.064 0.179083 
22.7038 0.14643 
18.9445 0.142391 
21.2111 0.15085 
21.5795 0.158671 
19.2551 0.12203 
21.741 0.182027 
22.7765 0.159251 
19.271 0.153643 
23.2828 0.152866 
19.5531 0.145877 
18.7066 0.126881 
20.1838 0.168619 
19.3868 0.117994 
20.5991 0.160939 
20.0401 0.140822 
19.6228 0.15684 
20.737 0.145095 
19.9689 0.154873 
20.4951 0.184299 
23.7015 0.258406 
