5.61155 2.30538 
-50.416 41.1353 
-98.1356 51.7247 
-0.284625 2.73579 
6.32064 2.96527 
11.4556 1.54682 
-3.30516 11.058 
0 0 
7.73278 1.16452 
-79.6073 56.1377 
-95.8533 70.5395 
-127.377 50.3569 
-32.7849 7.60224 
8.996 0.911005 
-59.0521 7.42088 
-114.131 44.6881 
-65.7262 9.39497 
-104.245 28.3259 
-120.016 22.1612 
-125.331 50.6878 
-106.001 9.56208 
-90.2148 35.013 
-3.0427 17.2159 
-124.699 71.3826 
-163.72 45.999 
-111.666 36.5909 
-178.83 15.4241 
-102.456 45.1446 
-87.9074 75.7737 
-21.6494 71.5909 
-121.74 43.2856 
-90.1383 92.2507 
-34.3366 86.8881 
-95.9431 52.3609 
-130.667 24.8473 
9.7511 3.13201 
-7.13129 13.4585 
-187.174 43.6831 
-17.9103 44.7821 
-139.358 35.9949 
-10.9892 39.684 
-148.53 49.4133 
8.4214 0.377297 
3.18 8.96042 
8.88853 0.384054 
2.77505 10.7168 
4.4935 2.44814 
9.37105 1.86382 
4.97587 2.41367 
0 0 
-13.919 35.8542 
0.770988 5.74049 
