29.6046 0.427461 19.8674 0.254966 22.6505 0.297146 19.6741 0.200903 23.8703 0.228707 28.4127 0.388682 33.5884 0.764121 
23.4722 0.171685 22.553 0.164036 24.2057 0.181146 22.3557 0.142166 20.4675 0.132855 17.3597 0.150121 21.4798 0.152476 
20.7703 0.162855 19.8842 0.151673 18.597 0.145407 22.6632 0.152188 18.8536 0.14512 20.5221 0.166077 18.9011 0.13809 
25.2976 0.179087 17.7476 0.134866 24.8419 0.150465 18.3597 0.127292 18.6712 0.142725 23.4141 0.159562 17.1475 0.135995 
22.9387 0.1479 19.419 0.170032 25.8532 0.225098 23.4715 0.201398 23.3178 0.182324 21.7259 0.130821 19.4815 0.151687 
23.1851 0.155364 20.6302 0.13775 20.0124 0.136949 19.1726 0.157436 15.8798 0.134068 22.718 0.151789 19.8146 0.138463 
14.2112 0.109903 17.6269 0.120919 13.8163 0.0952581 14.7684 0.112902 15.6387 0.125445 16.3649 0.104014 15.7207 0.115412 
16.5122 0.108687 14.2628 0.0986868 16.4542 0.126004 13.8431 0.111259 15.6098 0.10147 21.095 0.163099 16.0729 0.125172 
24.2736 0.180291 19.1916 0.133106 21.9421 0.137165 21.0112 0.16437 21.8887 0.159602 24.5271 0.188278 24.7745 0.164021 
22.2017 0.147454 33.4693 0.347953 24.3704 0.183548 21.9102 0.157176 22.8964 0.162905 17.7626 0.138216 19.5061 0.144618 
20.3083 0.141927 19.306 0.142877 16.8878 0.125241 23.0822 0.181064 23.5145 0.149439 20.4235 0.148686 24.4141 0.179101 
22.5828 0.172043 20.2636 0.164171 21.611 0.142196 20.1771 0.124597 21.1063 0.188015 21.9752 0.178192 21.7087 0.168936 
21.6922 0.153635 21.5819 0.160926 22.5368 0.16755 19.6966 0.124112 21.5466 0.153432 23.3634 0.174312 25.8982 0.187745 
19.583 0.116147 21.1478 0.131595 19.884 0.15269 23.3676 0.176961 19.2733 0.133453 20.4477 0.145986 17.2609 0.111458 
22.774 0.170495 22.4163 0.149063 23.3791 0.163164 22.1581 0.164882 23.2588 0.178672 23.1366 0.169127 26.177 0.210789 
22.0781 0.132222 20.4801 0.141997 22.2756 0.161626 20.481 0.139293 21.3973 0.165715 20.8437 0.120218 21.0238 0.161138 
23.561 0.1553 22.4465 0.153675 21.9961 0.154375 22.7123 0.169332 23.8465 0.170184 22.9809 0.182663 21.9408 0.150739 
24.1256 0.163819 21.9458 0.151519 22.0036 0.160018 22.4051 0.163169 19.5882 0.114629 20.5703 0.124926 21.4071 0.147341 
23.0939 0.158102 22.1395 0.152453 22.6326 0.168543 21.1727 0.162935 21.9876 0.134432 22.0747 0.169484 23.2039 0.179092 
21.67 0.121886 19.4428 0.138017 21.7722 0.127559 21.5892 0.148223 20.6908 0.165591 21.4701 0.163226 19.7348 0.116315 
22.5856 0.197286 19.7745 0.140946 20.7378 0.14242 19.7801 0.132103 20.8183 0.137234 22.6208 0.159928 20.8356 0.154537 
22.5725 0.163524 22.2657 0.128299 18.9141 0.135379 19.9598 0.125998 21.6149 0.139799 20.1869 0.142216 20.0977 0.142508 
20.8066 0.133075 20.4967 0.155231 22.779 0.133787 24.2912 0.151938 23.8853 0.164537 23.247 0.185222 20.3569 0.170727 
19.7789 0.125335 18.2941 0.12586 20.192 0.127538 18.9172 0.145573 19.2994 0.128886 19.9393 0.12286 17.5156 0.111876 
20.553 0.158723 20.7402 0.150274 21.7713 0.151313 20.5653 0.140468 23.726 0.187305 22.7202 0.166854 23.5968 0.173525 
20.3072 0.148424 23.5356 0.206511 20.4706 0.156067 20.7739 0.157252 18.74 0.14176 18.9284 0.146933 20.5284 0.162408 
15.0623 0.181031 15.6522 0.207086 14.7294 0.14399 15.0625 0.150762 17.0091 0.163992 13.7937 0.131162 20.4953 0.224831 
