27.084 0.401995 18.2037 0.324839 19.8515 0.319652 17.8111 0.262594 21.8223 0.287077 27.1482 0.387179 32.2326 0.656339 
21.9775 0.233486 21.5297 0.210186 22.1456 0.234001 21.1115 0.193099 19.0557 0.188563 15.7196 0.177633 19.7632 0.213089 
19.2416 0.207021 18.07 0.178266 17.3184 0.181258 21.2805 0.199973 17.2962 0.179371 18.804 0.208657 17.1878 0.194994 
24.2291 0.232752 17.5614 0.192248 22.6666 0.231578 18.0569 0.163858 16.9855 0.203853 22.506 0.242063 16.5531 0.156315 
20.1567 0.191688 17.5683 0.210096 22.3001 0.248294 20.767 0.253955 20.2202 0.246821 19.392 0.184735 17.7036 0.190628 
21.8802 0.188769 20.2069 0.21009 19.5781 0.187285 19.184 0.204958 15.0078 0.208298 21.275 0.194406 19.3412 0.211033 
17.3182 0.165793 22.9908 0.227107 16.819 0.170957 18.3966 0.193224 18.6148 0.206167 19.8197 0.227036 18.7945 0.199255 
19.6747 0.209366 17.8813 0.160919 21.0847 0.229286 17.3738 0.175127 19.8257 0.177775 26.951 0.285344 20.6122 0.234845 
21.2592 0.263758 17.6744 0.180965 18.699 0.16282 19.4358 0.217258 19.4147 0.215223 21.4298 0.235481 22.2164 0.212907 
20.6073 0.211582 32.0627 0.356873 23.4154 0.219201 19.7818 0.199675 21.5093 0.243131 17.5399 0.206296 19.2686 0.179927 
18.7099 0.186205 17.6028 0.176572 15.1122 0.146593 21.1449 0.238356 19.995 0.198954 18.002 0.179476 21.7273 0.205543 
20.1958 0.211326 19.3886 0.195484 19.4048 0.179516 19.014 0.180408 20.21 0.196499 20.4982 0.235305 20.1609 0.234089 
19.5906 0.224971 20.2992 0.221963 19.7422 0.185141 18.3569 0.162582 18.9757 0.207066 21.5052 0.249707 22.7979 0.236159 
17.9812 0.156874 27.7255 0.291536 18.2185 0.173612 23.1729 0.287933 18.839 0.183213 19.0031 0.256209 16.4425 0.147405 
19.9916 0.247828 20.5437 0.179722 19.7565 0.195432 20.0358 0.209197 20.3691 0.228127 19.566 0.188892 22.0912 0.280876 
19.8733 0.208881 19.4975 0.196119 20.8415 0.245473 19.6874 0.19326 20.0696 0.222116 19.2983 0.187917 19.7321 0.228885 
20.8604 0.193758 20.7841 0.221082 20.9343 0.215352 19.9349 0.193914 21.1097 0.194277 19.9573 0.216104 19.4052 0.208141 
22.3559 0.198362 20.6662 0.20118 21.1085 0.24127 20.96 0.210995 18.6485 0.148316 19.7651 0.183259 20.0324 0.211277 
20.3787 0.196722 20.6334 0.211659 20.7136 0.200731 20.1257 0.210756 19.9196 0.178531 20.9338 0.231039 20.6344 0.221079 
19.3447 0.160683 18.5437 0.158089 20.4235 0.176321 19.8464 0.17626 19.5653 0.198942 19.671 0.215124 19.6044 0.168475 
20.4797 0.227863 18.1841 0.184369 18.6814 0.175761 18.1387 0.173691 18.3822 0.177238 20.0754 0.330315 19.5012 0.217278 
21.0578 0.207487 19.9876 0.158834 18.2107 0.169108 19.1126 0.193696 19.6728 0.198084 19.2654 0.217296 19.2078 0.204352 
19.3358 0.176813 19.1487 0.211476 18.8911 0.183691 22.8307 0.195274 23.0923 0.229879 20.0854 0.212473 17.9254 0.191083 
18.5585 0.172307 17.5516 0.194116 18.8431 0.178093 18.9828 0.204139 18.0493 0.148658 19.4405 0.179502 17.5499 0.167581 
18.4153 0.238227 19.3985 0.226008 19.1518 0.207835 19.1122 0.193272 21.1879 0.24217 19.3548 0.231321 20.7733 0.210503 
17.5711 0.190887 21.7002 0.263023 19.1326 0.216853 18.2985 0.201213 18.1852 0.175277 17.8261 0.202246 20.4869 0.272341 
13.5634 0.231188 15.2933 0.228804 13.9766 0.194638 14.6368 0.209742 16.6412 0.256444 14.9731 0.234851 21.9543 0.384569 
