10.6501 0.169011 
12.5422 0.210684 
10.815 0.134597 
14.6651 0.208495 
12.4087 0.16109 
11.1127 0.178458 
14.0538 0.15334 
10.7692 0.15898 
14.4494 0.172462 
12.6524 0.159051 
13.3003 0.164493 
13.2613 0.159456 
15.2907 0.18649 
10.251 0.137034 
12.24 0.125932 
13.0944 0.141156 
14.5703 0.174848 
14.0403 0.192717 
13.7566 0.186254 
14.8496 0.214263 
16.3615 0.291763 
13.4461 0.152432 
14.4831 0.162748 
15.4332 0.151351 
12.1931 0.116991 
15.4389 0.159581 
14.568 0.158889 
13.6119 0.155799 
13.4407 0.165248 
14.1941 0.16165 
13.6153 0.132298 
11.8858 0.119012 
15.8203 0.144721 
13.026 0.148242 
14.4659 0.141935 
15.3679 0.137663 
12.846 0.121581 
14.4519 0.183357 
15.9691 0.189502 
13.1111 0.152094 
14.2512 0.154274 
12.2352 0.124077 
12.5271 0.148481 
13.6397 0.130131 
12.4191 0.14957 
13.7373 0.138425 
12.9298 0.14605 
13.4396 0.147695 
13.0835 0.118687 
12.918 0.112084 
13.9039 0.128874 
15.9792 0.202346 
