19.3444 0.22841 18.2828 0.19347 18.7136 0.222244 18.5616 0.178451 18.0854 0.189496 18.6752 0.22127 19.6474 0.286217 
17.0932 0.136888 17.7981 0.127391 17.6709 0.133133 17.2567 0.113917 17.6481 0.123704 18.2401 0.141387 10.5896 0.0846296 
17.1614 0.149883 17.8496 0.142623 18.1866 0.150213 17.2734 0.115539 18.2652 0.155131 18.1606 0.145019 18.6529 0.160179 
17.0328 0.134678 16.9138 0.125635 17.7656 0.119666 16.8831 0.111637 16.2694 0.11518 16.5178 0.115496 16.2299 0.114958 
19.0638 0.132423 19.0778 0.150184 18.8917 0.127044 18.7575 0.170481 19.4284 0.171238 18.876 0.146273 13.0164 0.104829 
18.2682 0.118584 17.2506 0.12657 17.3062 0.116519 17.2205 0.138707 17.5779 0.15734 17.7464 0.130732 16.5677 0.113102 
13.6599 0.110515 13.867 0.0975931 14.5648 0.10842 13.6732 0.103967 14.5075 0.124284 14.5719 0.11185 13.772 0.108218 
13.7399 0.0971404 13.3735 0.0945265 13.7856 0.114025 12.7565 0.0883631 13.485 0.0852908 13.3433 0.113684 12.9683 0.115634 
18.3575 0.143485 18.0749 0.142587 19.1851 0.147076 18.0173 0.160226 19.7196 0.155319 18.8763 0.152666 19.2972 0.1399 
19.2563 0.139553 18.4819 0.131371 17.9488 0.129697 17.7872 0.142105 18.0813 0.152752 17.5546 0.140268 17.8591 0.132621 
18.6371 0.142036 18.7149 0.138075 19.0092 0.159416 18.807 0.150621 19.5537 0.14894 19.0018 0.136352 18.9118 0.143111 
18.571 0.146525 18.4701 0.139895 18.3787 0.131218 17.8806 0.116036 18.662 0.154147 17.958 0.160325 17.9984 0.150669 
18.974 0.148288 18.6173 0.169619 19.6425 0.144058 19.4217 0.134048 18.8944 0.138131 19.2323 0.160178 19.0408 0.148264 
19.0455 0.111783 17.8825 0.125975 18.5563 0.157672 17.956 0.130762 17.7343 0.13434 19.0076 0.150486 18.2354 0.125751 
19.2468 0.147238 18.5794 0.126532 19.888 0.14138 18.2784 0.135869 19.3736 0.145183 19.8138 0.145869 20.068 0.166555 
18.7503 0.12005 24.4598 0.18265 18.1968 0.145254 17.7536 0.127246 17.985 0.149464 17.9552 0.123886 17.392 0.138256 
18.5316 0.131803 18.1593 0.135415 18.3975 0.150721 18.8913 0.144098 19.1883 0.140716 19.5105 0.162938 18.7225 0.129142 
18.4263 0.140031 17.553 0.127787 18.3568 0.136324 17.0666 0.131161 18.2504 0.118532 17.5493 0.111749 17.502 0.142855 
18.5684 0.135972 18.7536 0.153364 18.4122 0.14311 17.7958 0.137832 19.4989 0.132135 19.036 0.165264 19.4929 0.146162 
19.0371 0.1203 17.9937 0.119042 17.3998 0.113381 18.5094 0.129348 18.0897 0.142434 17.6289 0.146576 17.1354 0.109761 
17.8311 0.135644 18.1533 0.135644 18.9361 0.142353 17.4212 0.124094 19.6104 0.135452 18.8475 0.141072 17.8394 0.133815 
18.4179 0.128154 17.6035 0.103227 17.2543 0.118107 16.6336 0.116865 18.0206 0.128071 17.747 0.138299 16.9442 0.121878 
18.4774 0.117268 17.811 0.134564 21.2112 0.137485 17.7476 0.121653 18.3589 0.137879 18.3264 0.160798 18.0899 0.123779 
17.795 0.112971 16.9137 0.121687 16.517 0.113459 16.1346 0.121459 16.9647 0.115427 17.3888 0.107715 16.2061 0.11732 
17.2772 0.143037 17.1394 0.133162 17.1341 0.126113 17.0783 0.132476 17.4358 0.15714 17.7521 0.129843 17.5251 0.135899 
16.9586 0.1235 17.3488 0.151651 16.9749 0.138464 16.916 0.14491 15.9745 0.115685 16.2569 0.137433 15.5372 0.136787 
16.318 0.172179 16.3587 0.182544 16.3221 0.155231 15.338 0.165832 16.0422 0.175547 14.6153 0.15444 13.9881 0.146783 
