10.5903 0.203029 
9.22185 0.149007 
9.55935 0.156567 
9.72983 0.151499 
9.24259 0.174769 
9.43701 0.183391 
9.52425 0.141021 
8.44917 0.184686 
9.4096 0.178882 
10.4444 0.305649 
10.2267 0.278007 
10.7964 0.176014 
10.9142 0.195264 
10.4974 0.198293 
10.6549 0.181321 
10.7613 0.185459 
11.1849 0.206561 
12.3543 0.292729 
10.6999 0.224388 
11.2378 0.2388 
9.45741 0.23618 
12.128 0.207219 
11.8575 0.15458 
11.1736 0.177024 
11.1177 0.206487 
10.9602 0.183937 
10.6163 0.169271 
11.1363 0.162798 
11.5359 0.184609 
10.3379 0.172858 
10.9162 0.201535 
10.9469 0.153436 
11.0066 0.196935 
10.6218 0.219388 
10.8477 0.187349 
10.9911 0.130998 
10.3631 0.169446 
10.5986 0.164541 
10.2596 0.18238 
10.642 0.170525 
10.6962 0.18069 
10.3743 0.139184 
9.64178 0.134896 
9.83774 0.173296 
9.55366 0.129804 
10.1505 0.23915 
10.2049 0.148814 
10.0927 0.178753 
9.88116 0.154022 
9.54508 0.119651 
10.0078 0.125537 
9.44073 0.130533 
