15.1853 0.188223 14.4693 0.15325 14.1506 0.168692 14.6159 0.130204 13.714 0.130649 14.0083 0.143033 14.2475 0.180538 
15.4809 0.10001 14.5068 0.089053 14.3428 0.0991723 14.6462 0.0867061 14.3575 0.0927839 13.9689 0.102223 14.8362 0.0945257 
14.7094 0.114494 14.4588 0.0948873 14.7103 0.0973363 15.0155 0.0947268 14.5516 0.0869388 14.387 0.101527 14.301 0.0991359 
14.3433 0.102642 14.243 0.105093 14.4632 0.0831038 14.6542 0.0891684 14.6285 0.0993148 14.7757 0.0951437 14.5353 0.0951404 
14.6432 0.0962433 14.7634 0.099862 14.5011 0.106941 14.7634 0.116832 14.6419 0.105003 14.8718 0.0883127 14.3519 0.0938962 
14.8321 0.0891986 14.3313 0.0959776 14.4742 0.0865062 14.5425 0.105374 14.6676 0.111187 14.7281 0.0909883 14.4234 0.0835451 
14.7749 0.0942798 14.743 0.0872765 15.2003 0.092764 14.8604 0.105575 14.7414 0.115389 14.1077 0.102723 14.4073 0.0998781 
14.7723 0.0874926 14.8138 0.0944221 14.6043 0.113711 15.0831 0.105373 14.8315 0.080621 15.1184 0.107727 14.8089 0.111886 
14.9253 0.0935367 14.7027 0.134725 14.7145 0.0869392 15.0706 0.108695 14.65 0.0977681 14.9341 0.110281 14.779 0.0931758 
14.9787 0.0917581 14.9431 0.100951 14.6305 0.0903265 15.6978 0.102397 14.8407 0.0996504 15.4947 0.103608 14.941 0.0916011 
14.8339 0.0931736 15.4787 0.0984685 15.2323 0.103774 15.5603 0.116679 15.2352 0.105022 15.1074 0.0953493 14.8163 0.101115 
14.657 0.098996 14.7159 0.0971843 14.9449 0.0823645 15.5682 0.0979165 14.9178 0.0962479 14.7216 0.111863 15.4724 0.111172 
15.3856 0.108067 14.658 0.112952 14.9584 0.10042 15.2903 0.090162 14.9975 0.101391 14.9108 0.105141 14.9154 0.10139 
15.5492 0.0849822 11.466 0.0717827 15.2061 0.100994 14.8738 0.0961054 14.6152 0.102852 15.0405 0.099535 14.7046 0.0880909 
15.4875 0.104193 14.7736 0.0906572 15.1911 0.0972666 14.7841 0.0988044 14.9525 0.0979922 15.0202 0.0965111 14.9444 0.101882 
15.1296 0.0872303 15.0728 0.0889747 14.6737 0.0943587 14.6075 0.106665 15.1802 0.107694 14.7656 0.0944264 15.0072 0.107108 
15.1332 0.0865168 14.7933 0.102125 14.8824 0.100033 15.0133 0.108344 14.7334 0.0932973 14.9009 0.108273 14.9344 0.102048 
14.8341 0.109621 14.9741 0.107314 14.8711 0.0913757 14.8372 0.100769 14.74 0.0858541 14.4781 0.0958931 15.2546 0.10915 
15.2124 0.0937436 15.1863 0.102636 15.2455 0.104224 14.5506 0.0972264 14.7342 0.0998492 14.724 0.0952083 14.9802 0.10321 
14.8793 0.092093 14.8015 0.0846448 14.9887 0.0930875 14.9682 0.0847329 14.4655 0.094033 14.6096 0.110402 14.9096 0.0816875 
15.1514 0.117504 15.1428 0.101841 14.6092 0.0886617 14.7634 0.103764 14.4603 0.0916573 14.7506 0.0962005 14.9395 0.106332 
14.5284 0.0924642 14.7213 0.0755755 14.5321 0.0905037 14.6712 0.0929854 14.4676 0.085645 14.6968 0.0919003 14.747 0.0916816 
14.6762 0.0830656 14.6197 0.0992825 14.395 0.0903517 14.5888 0.0866473 14.184 0.0901113 14.7659 0.097192 14.7014 0.0868436 
14.2981 0.0877487 14.5593 0.0984217 14.1548 0.0854975 14.0234 0.0931402 14.4139 0.0910429 14.8754 0.0847748 14.5081 0.0928366 
14.0482 0.0989893 14.1369 0.101868 13.9173 0.091125 13.7951 0.0948099 13.5411 0.105522 14.2483 0.0928094 14.3725 0.101335 
13.9317 0.0915469 13.5336 0.104808 13.9875 0.0980479 13.6417 0.0996739 14.5683 0.0936913 13.8584 0.10254 14.3893 0.114477 
14.352 0.134692 13.9606 0.14079 14.3833 0.137177 14.1774 0.137315 14.3133 0.12649 13.8734 0.185381 14.27 0.154881 
