8.17635 0.491984 
-127.314 43.0782 
7.7659 0.382908 
5.77608 0.136062 
6.67501 0.225632 
5.42192 0.683774 
7.53608 0.205718 
-104.991 358.119 
7.65675 0.19958 
-163.684 65.0506 
6.32581 0.176509 
6.6998 0.259464 
6.85267 0.178943 
15.9275 166.892 
6.91965 0.181491 
5.73754 0.506757 
6.9966 0.220587 
6.2169 0.829124 
7.7278 0.191451 
6.20236 0.226958 
8.52112 0.297786 
-156.701 124.094 
7.16411 0.147002 
4.64886 0.949734 
4.34845 0.506004 
5.4675 0.196288 
5.51162 0.361597 
-166.064 85.8792 
7.07025 0.191584 
6.00397 0.351629 
2.57999 0.833335 
1.30725 2.07504 
7.53688 0.282974 
8.72648 0.586573 
5.77578 0.498143 
-122.028 88.9432 
7.34974 0.241931 
-111.709 53.4449 
6.61725 0.613397 
5.76095 0.76745 
5.54471 0.493045 
-88.1355 761.073 
7.33386 0.202304 
-150.995 87.3164 
5.95848 0.76037 
-206.535 65.4112 
4.15172 1.10034 
5.94909 0.671974 
-54.2635 26.3796 
-91.1582 86.7504 
7.11695 0.380787 
5.67627 1.20301 
