18.1378 0.339352 
17.2153 0.398523 
19.552 0.160207 
15.1623 0.357703 
17.9812 0.136416 
17.7665 0.216141 
22.5088 0.16795 
18.896 0.227533 
22.2729 0.15177 
18.0591 0.170413 
17.2669 0.122262 
17.3584 0.197566 
20.8767 0.157239 
14.0447 0.145501 
17.7656 0.122663 
16.8141 0.159527 
17.905 0.128587 
18.5016 0.19449 
19.6431 0.127759 
15.8984 0.148361 
23.8814 0.245838 
15.0723 0.147438 
18.4947 0.114461 
16.0678 0.163992 
15.6779 0.104921 
16.2662 0.182527 
17.0951 0.128858 
14.6167 0.161649 
18.4504 0.136258 
13.6522 0.145958 
13.998 0.132218 
14.2421 0.139066 
19.2369 0.151788 
20.7265 0.186495 
17.4722 0.123757 
17.5077 0.166298 
18.9148 0.136177 
14.0908 0.136152 
17.8594 0.150091 
15.9179 0.155567 
15.0274 0.119566 
16.2792 0.155589 
19.7386 0.240377 
16.3253 0.168948 
19.2203 0.137885 
16.0844 0.174608 
18.7881 0.158161 
16.6837 0.193831 
18.3065 0.149012 
15.3773 0.165199 
19.1191 0.205675 
18.2256 0.222106 
