27.1889 0.315045 
27.2832 0.311954 
27.2599 0.209735 
27.8094 0.276666 
27.5083 0.187644 
27.833 0.273476 
27.4295 0.179102 
27.7296 0.225482 
27.2201 0.184057 
27.4541 0.223119 
27.216 0.190616 
27.7023 0.235936 
27.5227 0.256425 
27.7026 0.239244 
26.8491 0.171415 
27.6282 0.256285 
27.4212 0.16745 
27.7598 0.223217 
27.4004 0.174445 
27.1693 0.218683 
26.28 0.288362 
27.7096 0.24027 
27.0025 0.161683 
27.1667 0.22644 
27.417 0.176638 
27.3733 0.223354 
27.9354 0.194563 
27.4436 0.217541 
26.5926 0.164709 
27.3862 0.238177 
27.1296 0.205692 
27.7469 0.23739 
26.7989 0.203253 
27.0561 0.207834 
26.4685 0.162737 
26.8992 0.194414 
27.1533 0.169343 
27.8708 0.266827 
26.7046 0.197196 
27.0805 0.226798 
27.591 0.19135 
27.5461 0.19079 
26.9812 0.202726 
27.331 0.222756 
27.352 0.173643 
27.7649 0.22999 
27.46 0.187139 
26.9763 0.254021 
27.9308 0.184222 
27.8786 0.232337 
27.6126 0.247921 
27.5942 0.244815 
