20.6601 0.681926 
24.1555 0.273572 
22.8495 0.174559 
26.4763 0.35985 
29.4462 0.222787 
23.2771 0.259044 
28.8233 0.205402 
22.0254 0.195949 
27.7215 0.199716 
25.1684 0.214604 
27.8236 0.202536 
29.1742 0.240637 
33.7072 0.289343 
22.5281 0.202414 
25.3569 0.197882 
29.4719 0.259871 
31.6788 0.233877 
28.4789 0.286101 
26.1528 0.192484 
29.5088 0.266403 
27.2199 0.309631 
28.8479 0.255351 
28.1161 0.191889 
29.8171 0.265189 
25.2646 0.181641 
29.9886 0.387845 
30.4956 0.221516 
27.0845 0.260155 
25.4617 0.185874 
29.1605 0.40456 
29.9012 0.238239 
27.2232 0.282558 
29.4177 0.213275 
24.8338 0.226361 
27.4553 0.201435 
28.376 0.279114 
25.3906 0.169462 
29.403 0.287665 
28.7923 0.252323 
25.5574 0.221288 
32.2285 0.257683 
26.651 0.237667 
25.0233 0.180026 
27.4457 0.232816 
25.2619 0.167592 
27.1223 0.242518 
27.8008 0.202034 
24.8031 0.266042 
28.1642 0.200267 
26.5532 0.234542 
28.6408 0.266505 
31.0549 0.36608 
