28.0028 0.160538 
26.6848 0.15043 
28.1987 0.0973236 
23.6237 0.152953 
24.2086 0.0847055 
26.1773 0.117073 
33.3616 0.128541 
26.8326 0.125841 
29.1358 0.104797 
27.4092 0.122734 
24.849 0.0897492 
26.5389 0.123395 
27.9782 0.112456 
19.9013 0.0965844 
26.5401 0.0950672 
26.5048 0.126082 
25.7788 0.0869061 
26.5502 0.118966 
27.6534 0.0996529 
25.0825 0.111431 
31.019 0.181778 
21.8843 0.0988393 
27.2948 0.0944212 
23.9482 0.109201 
24.4275 0.0892586 
23.5608 0.106831 
26.057 0.0945594 
23.6505 0.112216 
27.8657 0.114975 
19.652 0.0965439 
17.739 0.464558 
20.4741 0.0937401 
27.1045 0.11343 
28.7088 0.124519 
24.4872 0.0854887 
25.4209 0.122251 
25.7387 0.0851493 
21.718 0.0971361 
25.3404 0.0995786 
23.5202 0.105425 
21.8919 0.0788828 
24.6518 0.106201 
27.903 0.0942182 
24.4446 0.100771 
26.8403 0.0838072 
24.3979 0.11539 
25.9594 0.0859831 
25.9209 0.113689 
26.3054 0.0865367 
23.0899 0.0964901 
26.497 0.124824 
28.5947 0.134391 
