25.8368 0.318052 
24.0401 0.257143 
24.4289 0.178621 
27.6053 0.249374 
25.8241 0.181336 
23.5491 0.188871 
26.948 0.177192 
22.7098 0.196284 
25.3757 0.199026 
25.5492 0.191099 
26.7454 0.176851 
28.0577 0.392543 
28.7758 0.201932 
25.3135 0.242586 
26.8218 0.171497 
27.7642 0.231858 
28.606 0.263089 
29.2159 0.247354 
25.9388 0.166777 
28.1127 0.347825 
24.8573 0.238673 
29.9506 0.248236 
28.2242 0.162302 
27.3874 0.211647 
26.3235 0.172464 
26.7325 0.19798 
28.4268 0.195011 
27.2044 0.211847 
27.3608 0.18988 
26.4626 0.253029 
29.2766 0.213965 
27.7089 0.227293 
25.5226 0.162185 
25.1255 0.195173 
24.829 0.168878 
26.2787 0.191669 
24.641 0.157203 
28.1858 0.246877 
24.6596 0.195591 
25.4199 0.206081 
28.4771 0.186857 
26.6717 0.195844 
23.9831 0.161495 
25.1229 0.181094 
23.7732 0.143648 
25.4386 0.185629 
25.8176 0.180723 
24.8286 0.197621 
25.1164 0.168967 
24.882 0.199519 
27.2946 0.299345 
26.4231 0.24133 
