15.0538 0.160351 13.259 0.145538 13.4913 0.157158 14.4759 0.127058 13.9381 0.138236 15.0672 0.161116 12.6925 0.16366 
14.5951 0.101001 14.3891 0.0922911 13.7283 0.0959851 14.4205 0.0866313 13.6947 0.0795477 13.9798 0.100564 15.0246 0.0964252 
14.4585 0.0975097 13.6608 0.0866735 15.1325 0.0971016 15.305 0.0869701 14.9762 0.0986558 14.6384 0.104408 14.4289 0.0984201 
13.7618 0.101244 14.6819 0.0956788 13.8895 0.073154 14.7198 0.0862123 12.0395 0.077234 12.5073 0.0800774 14.6114 0.0886803 
14.8903 0.0935234 14.8631 0.0993939 13.0705 0.102429 14.3514 0.113441 14.1 0.103191 14.8106 0.0842867 14.3646 0.100851 
14.5197 0.0873435 14.4066 0.0907103 15.242 0.0946061 14.9118 0.106918 14.8607 0.112894 14.1577 0.0801303 13.7931 0.0884998 
14.6319 0.0931276 15.1224 0.0931448 15.2127 0.0860149 15.0793 0.101503 14.7707 0.106082 15.022 0.0968053 13.976 0.0993241 
13.8712 0.082702 14.7558 0.084006 15.0155 0.11074 13.8992 0.0947674 15.2746 0.0812965 15.9972 0.111732 14.408 0.105894 
14.1823 0.133226 15.2691 0.101029 14.1934 0.0803989 15.031 0.111109 15.8178 0.104057 14.493 0.101581 14.9677 0.0909739 
15.1495 0.0930603 14.1629 0.0922673 15.3179 0.0928208 14.3745 0.0973653 14.5043 0.100225 15.3043 0.104386 15.4646 0.0946618 
15.4951 0.0951232 15.9855 0.0985051 15.4469 0.0978237 15.2221 0.106448 14.5325 0.0920377 14.9273 0.0940032 14.2055 0.0909238 
14.3175 0.0967159 15.4241 0.101765 14.5567 0.0869274 15.2712 0.0904554 15.3883 0.0972702 14.8024 0.0999764 14.9243 0.104417 
14.8639 0.0982944 15.6029 0.104779 15.3261 0.0958503 15.7343 0.0961291 14.2864 0.0962609 14.9712 0.095787 14.3222 0.0874778 
15.6289 0.080705 14.6754 0.0852278 15.4621 0.0974377 14.5132 0.0947838 15.5203 0.0959792 15.2495 0.103195 15.2129 0.0815075 
15.5736 0.102034 14.5101 0.0869197 13.859 0.0841634 14.3359 0.0918895 15.1535 0.100462 14.7452 0.0860435 14.5187 0.0980812 
14.7955 0.0797476 15.9668 0.0993702 14.4794 0.0945561 15.6295 0.098417 14.6888 0.0954469 15.0153 0.0797363 14.1113 0.0938882 
14.58 0.0868425 14.6217 0.0979331 15.0858 0.093857 14.5494 0.0995292 15.0817 0.0929306 15.1785 0.102072 13.8434 0.0887179 
15.5535 0.0943787 14.7069 0.0945429 15.7146 0.100417 13.9739 0.0885675 15.4276 0.081578 14.9534 0.0949296 14.9123 0.0936827 
14.4205 0.0837327 15.1612 0.092663 13.8923 0.0949874 14.268 0.0967568 15.2237 0.0924413 15.5425 0.0993068 14.1586 0.0934927 
15.191 0.0854148 14.625 0.083438 14.66 0.081188 14.3568 0.0836116 14.717 0.0964342 14.6482 0.102325 15.0338 0.0778954 
14.7292 0.103502 13.5856 0.091359 15.0875 0.0906115 13.8463 0.0918432 15.191 0.0990816 14.6866 0.0915878 14.7726 0.100951 
14.1062 0.086196 14.2935 0.0755682 14.6273 0.0850545 14.2285 0.0824358 14.2466 0.077143 15.1779 0.0953263 14.4099 0.0850507 
14.5918 0.0895767 14.0524 0.0931842 14.6614 0.0810878 14.4746 0.0798261 14.5988 0.096031 13.4205 0.0957388 14.1746 0.0839792 
14.2093 0.0829255 14.725 0.094338 12.8656 0.0758279 12.4047 0.0900509 12.471 0.0719505 14.6383 0.0790769 13.917 0.090075 
12.5622 0.0837418 12.5498 0.0863138 12.4788 0.0863079 12.3304 0.0803247 12.8837 0.0994339 12.2512 0.0803952 12.7596 0.0950459 
12.0363 0.0768431 12.0805 0.0938058 12.5537 0.0897302 12.2065 0.0848698 12.8984 0.0822033 12.3534 0.0910751 12.6073 0.0985361 
12.4092 0.117866 12.0802 0.105575 12.0287 0.113019 12.2158 0.106436 12.5308 0.119655 12.4703 0.111158 12.0817 0.149064 
