16.4577 0.375202 
17.5753 0.290606 
16.8527 0.278477 
17.5403 0.702406 
16.5092 0.271837 
16.0262 0.291495 
16.8785 0.242055 
16.3336 0.280378 
17.4454 0.214856 
17.408 0.25454 
15.9809 0.218777 
16.2094 0.304225 
17.4753 0.254675 
16.8014 0.467016 
16.988 0.243188 
17.4965 0.296722 
17.0779 0.263237 
17.6539 0.310095 
17.7465 0.238312 
18.1634 0.271051 
17.4372 0.389616 
16.6423 0.378443 
16.8703 0.234478 
16.8714 0.295244 
16.7005 0.226673 
17.1752 0.29531 
17.3785 0.266842 
17.0231 0.351922 
17.8098 0.251387 
17.6359 0.303636 
16.5789 0.256858 
16.8621 0.298866 
18.321 0.236737 
17.6511 0.293024 
18.3497 0.236814 
17.0658 0.255579 
17.6968 0.268555 
17.0712 0.337638 
16.9268 0.239233 
16.6773 0.293586 
16.631 0.242413 
16.4364 0.257613 
16.655 0.24936 
16.5818 0.282163 
16.2104 0.223358 
16.8338 0.352413 
16.0174 0.269413 
16.8081 0.277874 
15.8469 0.209583 
15.7773 0.2361 
16.9209 0.277605 
16.9254 0.322088 
