25.233 0.258334 15.6404 0.162616 18.1933 0.2115 16.5916 0.152348 20.1652 0.190705 24.1249 0.253571 28.543 0.361574 
19.2822 0.130242 18.6124 0.117038 19.572 0.127586 18.079 0.100813 16.6691 0.0997157 14.2946 0.0938016 18.2487 0.109513 
17.0221 0.113874 15.8756 0.0949574 15.8969 0.10237 18.8235 0.123635 16.0564 0.104746 17.0895 0.11841 15.7163 0.100404 
20.9303 0.141054 14.7196 0.09979 19.6063 0.107151 15.1251 0.0821456 13.4074 0.0889893 17.644 0.101738 14.1941 0.091403 
19.3169 0.111983 16.2559 0.105814 20.6753 0.144697 19.5756 0.137316 19.476 0.136713 18.1493 0.101322 16.303 0.109698 
19.4039 0.110433 16.7259 0.10636 16.8715 0.100675 16.1743 0.107472 13.5327 0.103055 18.3372 0.112574 15.7495 0.0895097 
11.7638 0.0772504 14.7398 0.0943809 11.6017 0.066848 12.1648 0.0872238 13.0431 0.10034 13.6021 0.0813202 12.8499 0.0852524 
12.9396 0.0796602 11.6963 0.0733461 14.0095 0.0944974 10.878 0.0709157 13.3277 0.0777269 17.8483 0.1234 13.0841 0.0985197 
19.5957 0.127673 15.6804 0.103478 17.736 0.095249 17.3205 0.124008 18.2702 0.119281 19.5622 0.147225 21.0711 0.123931 
19.0539 0.114131 27.1764 0.169233 20.6422 0.125311 17.4311 0.108445 18.5222 0.136237 14.8797 0.0967247 16.6475 0.0908062 
17.0829 0.104784 16.6078 0.0974143 14.3118 0.0971123 19.7872 0.137235 19.2902 0.110373 16.9898 0.104073 19.5226 0.128292 
18.2705 0.124179 17.0192 0.106532 17.5227 0.0993992 16.8475 0.0881344 17.7426 0.113858 17.8397 0.127384 17.689 0.128075 
17.9686 0.121308 18.208 0.120538 18.8601 0.122486 16.8025 0.0974071 17.2405 0.108437 19.6399 0.137845 21.2129 0.134664 
16.6202 0.088024 17.1527 0.0976775 16.4072 0.100826 19.6004 0.127483 16.3034 0.0966503 17.332 0.10838 14.4635 0.0784955 
19.4929 0.123606 18.3371 0.107285 18.4184 0.11715 17.7771 0.115077 20.0848 0.127469 18.8148 0.114833 21.4456 0.138619 
18.1154 0.101168 17.3517 0.108225 18.142 0.120459 17.5325 0.114423 17.3123 0.111573 17.1948 0.0925336 16.9002 0.110488 
19.2497 0.110093 18.7446 0.12544 18.2985 0.120128 18.1565 0.117302 20.0771 0.123862 18.8838 0.129042 17.3584 0.111895 
20.4097 0.112083 17.7221 0.107891 18.9462 0.127099 17.4594 0.112174 16.3614 0.0843574 16.7774 0.0926466 17.4291 0.114066 
18.7428 0.10223 18.7891 0.112719 17.8213 0.12068 17.3921 0.110772 18.1108 0.0985928 18.2953 0.121191 19.0721 0.126075 
17.8575 0.0929247 16.2991 0.0859992 17.8468 0.0939403 17.4814 0.0949839 17.5585 0.120134 17.0106 0.108242 16.4644 0.0848782 
18.5962 0.127923 15.8971 0.101919 17.3868 0.104112 16.1549 0.102437 17.4863 0.110702 18.5028 0.127277 17.3797 0.115401 
18.0342 0.110518 17.7024 0.0845034 15.788 0.0886347 15.8689 0.0935732 17.5511 0.100201 16.7342 0.109508 16.1235 0.0973545 
17.0888 0.0896594 16.5168 0.102728 19.0584 0.109044 20.1037 0.109359 20.3878 0.123713 17.895 0.11922 16.3703 0.0941885 
16.2792 0.0922047 15.1599 0.0925004 15.2851 0.0874736 14.3139 0.0928953 14.1751 0.08343 16.6036 0.0912938 14.5439 0.0891574 
15.5266 0.108811 15.8441 0.102857 16.4429 0.107717 15.567 0.100104 17.996 0.134729 16.8379 0.105599 18.1697 0.119963 
15.2044 0.111893 18.2651 0.153432 15.5251 0.114496 15.8521 0.113933 14.5406 0.0917886 14.3111 0.105443 16.2827 0.11927 
11.4095 0.121446 11.9368 0.128319 10.7596 0.105395 11.466 0.105376 12.8123 0.125948 10.4353 0.0979669 15.2105 0.18305 
