23.683 0.320441 
23.2811 0.336552 
23.4731 0.163449 
22.864 0.292643 
23.1759 0.144846 
23.7527 0.192604 
23.9364 0.150664 
23.3967 0.192245 
23.6563 0.151538 
23.7745 0.209187 
23.6222 0.150995 
23.9283 0.173449 
23.7533 0.165371 
23.5653 0.181442 
23.5307 0.141335 
23.0847 0.183644 
23.5822 0.144582 
23.7606 0.166392 
23.7657 0.137638 
23.6816 0.176124 
23.1206 0.212997 
23.7982 0.181676 
23.6552 0.136391 
23.8685 0.171891 
23.5529 0.152539 
23.5182 0.170462 
23.6116 0.162744 
23.719 0.170085 
23.6293 0.183636 
24.0684 0.199155 
23.5555 0.175796 
24.1107 0.183585 
23.3196 0.135436 
23.3 0.167981 
23.3794 0.142481 
23.9379 0.158168 
23.3827 0.137396 
23.715 0.184641 
23.5014 0.158653 
23.7397 0.1743 
23.5734 0.155552 
23.6171 0.182361 
23.8198 0.154441 
23.8225 0.160769 
24.0829 0.151499 
23.5445 0.165456 
23.4924 0.158196 
23.5573 0.176008 
23.5111 0.141878 
23.9402 0.172114 
23.8323 0.191549 
23.7785 0.215978 
