22.6231 0.331812 
22.7062 0.249759 
22.1974 0.158212 
23.7776 0.294818 
23.2799 0.168677 
22.7224 0.193811 
25.1879 0.167591 
21.1723 0.169765 
24.1314 0.161852 
24.401 0.203634 
23.9256 0.199379 
26.1252 0.213691 
26.1676 0.190749 
24.5773 0.214812 
25.1405 0.161067 
24.0557 0.240111 
26.4951 0.167258 
27.411 0.22717 
25.2359 0.160556 
25.8129 0.213848 
24.8661 0.228525 
27.9004 0.218812 
26.7106 0.161091 
26.6846 0.216163 
25.4342 0.161061 
25.4809 0.209517 
24.988 0.173498 
26.2126 0.207632 
26.2125 0.205622 
23.0512 0.277185 
24.7199 0.197462 
24.991 0.20553 
24.7806 0.16637 
23.5537 0.241479 
24.7971 0.16578 
26.8917 0.202546 
24.2499 0.154054 
25.0408 0.238238 
24.3317 0.17182 
24.0671 0.21998 
25.1912 0.169339 
23.7256 0.178582 
22.7591 0.143045 
23.1676 0.184093 
23.1758 0.141773 
23.8378 0.181534 
23.0872 0.149403 
22.6927 0.272543 
23.0706 0.140247 
22.9736 0.176205 
24.2113 0.209303 
24.5246 0.230052 
