18.3089 0.388248 
17.2153 0.398523 
19.552 0.160207 
16.0042 0.335419 
19.276 0.14875 
18.0409 0.184652 
25.7901 0.177628 
17.8249 0.198943 
23.9717 0.162679 
19.7045 0.189572 
18.867 0.14048 
20.2492 0.187104 
24.8387 0.197574 
15.2021 0.146522 
20.3109 0.144282 
18.743 0.180539 
21.1745 0.142067 
22.3688 0.237733 
21.8197 0.137369 
18.6245 0.174213 
26.906 0.259081 
18.5972 0.18445 
22.0323 0.13684 
18.5523 0.199052 
17.5792 0.121174 
18.4457 0.198237 
19.1205 0.143554 
16.7942 0.180648 
21.7208 0.16015 
14.1071 0.203714 
15.8035 0.133142 
15.857 0.151525 
21.4333 0.160033 
22.3545 0.214012 
19.3604 0.163652 
20.2928 0.19589 
20.4609 0.145467 
15.7929 0.150879 
19.8026 0.161402 
17.237 0.165712 
17.2178 0.136301 
17.3277 0.170108 
20.5028 0.170484 
17.1765 0.174455 
20.0204 0.143634 
17.0934 0.185817 
19.0949 0.160691 
17.1954 0.206574 
19.2156 0.159522 
15.9777 0.167038 
19.6916 0.234961 
19.6361 0.238413 
