0 6.25141 0.0886187
1 6.74399 0.0774798
2 6.48495 0.0494162
3 6.96077 0.107971
4 6.5677 0.0501496
5 6.3696 0.0613525
6 6.58944 0.0461918
7 6.44345 0.0598657
8 6.4839 0.0481862
9 6.4142 0.05923
10 6.54726 0.0500289
11 6.56994 0.0598972
12 6.73557 0.0484231
13 6.54457 0.0698612
14 6.61182 0.0512354
15 6.66723 0.0605604
16 6.62361 0.0460741
17 6.43689 0.0655482
18 6.29355 0.0479545
19 6.75312 0.0635547
20 6.24704 0.0785286
21 6.6178 0.0608067
22 6.54006 0.0466966
23 6.53716 0.0607414
24 6.57814 0.0509094
25 6.59208 0.0593589
26 6.65067 0.0468621
27 6.53501 0.0638301
28 6.18419 0.0525056
29 6.74446 0.066651
30 6.6702 0.0506483
31 6.57515 0.0597638
32 6.49413 0.0492381
33 6.48976 0.0598007
34 6.51994 0.0522587
35 6.31117 0.05901
36 6.51364 0.0491574
37 6.7843 0.0579273
38 6.41081 0.0574514
39 6.68787 0.0630226
40 6.67702 0.0483748
41 6.59644 0.0515628
42 6.46667 0.0579992
43 6.48449 0.0573387
44 6.32311 0.0460758
45 6.57138 0.0597249
46 6.53224 0.0445593
47 6.56776 0.0642892
48 6.54286 0.0439687
49 6.61683 0.0589426
50 6.438 0.068902
51 6.42017 0.0667824
