0 7.26228
1 6.80421
2 7.45908
3 5.27012
4 6.52086
5 6.80889
6 5.72429
7 6.98238
8 5.85434
9 7.38185
10 6.95038
11 6.71923
12 6.65678
13 6.42743
14 6.75959
15 7.12279
16 7.78361
17 6.20204
18 6.63045
19 6.51403
20 6.47753
21 6.23242
22 6.54165
23 6.42867
24 7.14168
25 6.20815
26 6.48397
27 6.21449
28 5.93369
29 7.34081
30 7.0938
31 6.39105
32 6.42336
33 6.21997
34 6.18856
35 6.13022
36 7.86569
37 7.22761
38 6.1489
39 5.86651
40 6.79642
41 7.3664
42 6.50252
43 6.73251
44 7.63549
45 6.99147
46 6.27554
47 5.71358
48 6.38891
49 6.66784
50 7.87667
51 7.27823
52 7.03352
53 7.32215
54 5.97515
55 6.89354
56 6.94863
57 6.46485
58 6.95664
59 7.38313
60 7.00768
61 7.40365
62 6.46959
63 7.16273
64 7.91316
65 6.66602
66 6.96473
67 7.01345
68 6.65095
69 6.96042
70 7.37654
71 6.78851
72 7.59142
73 7.99228
74 8.14956
75 6.66207
76 7.3354
77 7.66307
78 6.65591
79 6.93767
80 6.80649
81 6.73899
82 7.51942
83 8.11295
84 7.8195
85 6.79707
86 6.63983
87 6.9714
88 7.4819
89 8.07728
90 7.45553
91 6.60701
92 12.5123
93 6.59222
94 6.4184
95 6.77719
96 6.77718
97 6.48393
98 7.45464
99 6.94662
100 7.37488
101 7.28988
102 7.8098
103 7.97157
104 7.58469
105 7.10213
106 8.34143
107 7.47527
108 6.69732
109 8.10127
110 7.21463
111 6.46064
112 6.70047
113 6.73433
114 7.23494
115 7.47934
116 6.93995
117 7.42375
118 7.17358
119 6.31855
120 6.21233
121 7.00382
122 6.86346
123 6.97395
124 6.51039
125 7.82118
126 7.36403
127 7.52329
128 7.15497
129 8.0431
130 5.84828
131 8.45667
132 8.19915
133 6.87288
134 7.63206
135 8.18202
136 7.35192
137 7.97313
138 7.84265
139 7.21293
140 7.79511
141 7.32212
142 7.95491
143 7.30013
144 7.03399
145 6.74296
146 7.32675
147 7.65562
148 6.87561
149 7.38242
150 6.5387
151 7.22098
152 5.67674
153 6.48462
154 7.39434
155 6.12505
156 7.21054
157 7.37823
158 6.46697
159 7.62496
160 6.96363
161 6.88579
162 5.81849
163 6.27352
164 5.86343
165 6.55828
166 6.99439
167 6.81838
168 6.01528
169 5.82735
170 5.85419
171 6.55729
172 5.8233
173 5.59542
174 5.67827
175 5.7445
176 5.18009
177 5.38506
178 5.87408
179 5.99972
180 5.85728
181 5.26279
182 6.33637
183 5.85055
184 6.15837
185 6.44636
186 6.46659
187 6.5918
188 6.20983
