0 4.9461 0.0703616
1 4.60822 0.075493
2 5.36211 0.0444484
3 3.5353 0.0794493
4 4.07181 0.0581065
5 4.78438 0.0526845
6 5.53264 0.0640011
7 4.68005 0.0560864
8 5.34928 0.0609211
9 4.61599 0.0513466
10 4.06966 0.0512407
11 4.66571 0.0586879
12 5.36506 0.0741012
13 3.52289 0.051233
14 4.30061 0.0416173
15 4.38075 0.060633
16 4.40419 0.0548393
17 4.72984 0.0569947
18 4.85955 0.0448841
19 3.95038 0.0555739
20 4.56348 0.0764998
21 3.60047 0.0522745
22 4.72602 0.0437061
23 3.64589 0.0583018
24 3.79028 0.0369636
25 3.48216 0.0657625
26 4.21439 0.0506351
27 3.54663 0.0471519
28 4.6834 0.0453956
29 1.88491 0.0762613
30 2.3895 0.104967
31 3.144 0.0541489
32 4.57802 0.055707
33 5.61226 0.0559723
34 3.80385 0.0498581
35 3.94681 0.0505945
36 4.6748 0.0419717
37 2.76923 0.0592828
38 3.77533 0.058846
39 3.87974 0.0544109
40 2.84718 0.0564663
41 4.372 0.049759
42 5.11825 0.0456352
43 3.9775 0.0591104
44 4.77334 0.0445661
45 3.87153 0.0527232
46 4.50646 0.0513598
47 4.1927 0.0544362
48 4.32723 0.0464582
49 3.55026 0.0542041
50 4.8622 0.0702354
51 4.49647 0.090212
