9.21466 0.253924 12.4347 0.369374 13.344 0.348361 15.4136 0.385868 15.2932 0.303445 15.2403 0.449066 22.6564 0.655762 
16.0597 0.266666 18.6181 0.264306 16.0586 0.234056 16.7152 0.22331 15.0178 0.249456 10.8345 0.185155 18.0016 0.281329 
15.0607 0.211136 13.5053 0.199227 12.6758 0.176803 17.4484 0.231097 13.1338 0.225607 14.6667 0.274009 18.0809 0.288677 
19.5903 0.293072 12.5607 0.227971 18.0994 0.247904 12.9834 0.184319 12.0814 0.213718 17.165 0.275553 13.8051 0.187494 
15.5492 0.228866 12.8838 0.204457 17.5517 0.310532 15.4281 0.338102 15.0412 0.277109 15.3011 0.187766 20.3142 0.355939 
16.7673 0.227699 15.0975 0.22678 14.7212 0.204438 15.9698 0.270783 10.2932 0.233057 17.1969 0.249412 17.484 0.238619 
13.6961 0.182632 19.0195 0.325062 14.0312 0.205802 14.5414 0.262854 15.5178 0.25963 14.785 0.230751 25.1239 0.378345 
15.7054 0.22061 14.2926 0.227931 16.1854 0.24785 12.6922 0.189249 16.6337 0.224347 24.2816 0.427898 18.6966 0.296713 
17.1406 0.227231 13.188 0.214185 14.627 0.174552 14.1535 0.264506 12.9746 0.213775 15.4694 0.241331 21.5002 0.340945 
17.1399 0.232306 14.4874 0.206841 17.7001 0.264047 15.0569 0.23164 16.4807 0.247186 12.5257 0.192561 22.4032 0.369253 
14.6388 0.202593 14.1342 0.198828 11.5717 0.182559 16.6241 0.28623 16.9703 0.220867 13.4094 0.208902 17.7771 0.289922 
14.4893 0.250691 14.8324 0.25634 14.5496 0.201482 15.3394 0.257233 14.956 0.207986 14.0521 0.258135 9.41625 0.186253 
14.3631 0.227029 14.515 0.254266 16.0786 0.277606 13.3207 0.177091 13.798 0.186767 15.4043 0.255887 17.8005 0.272093 
14.8453 0.190171 15.8049 0.226084 14.1137 0.224999 16.8759 0.246859 14.4543 0.186771 14.9762 0.282915 20.0395 0.285709 
15.9423 0.246848 15.5983 0.232729 14.9998 0.221729 15.4647 0.232211 15.2703 0.251552 14.7609 0.225315 14.7957 0.26329 
16.3392 0.195193 14.5266 0.209987 16.1046 0.270274 14.9697 0.221093 15.7042 0.256185 13.9853 0.165556 14.1891 0.277594 
14.3848 0.17275 15.158 0.230103 15.2578 0.234789 14.3059 0.231624 15.2302 0.216182 15.2128 0.251715 16.0526 0.310025 
19.1398 0.259511 14.9777 0.234991 13.502 0.191813 15.8349 0.248061 14.2084 0.173688 15.0806 0.196954 16.3483 0.255957 
16.0835 0.244456 15.8239 0.224073 15.5852 0.25357 14.7841 0.254102 15.3916 0.214034 15.6819 0.249403 16.5393 0.222544 
12.6646 0.154827 14.5093 0.212753 14.4617 0.209537 14.8021 0.201966 14.8029 0.264729 14.7593 0.287833 22.2435 0.275474 
15.4895 0.248106 13.0668 0.218387 14.3169 0.208743 14.8319 0.27316 13.1127 0.25796 16.6592 0.301459 15.5201 0.249065 
17.0307 0.233982 15.3047 0.187502 14.0515 0.191574 13.9498 0.211743 14.9369 0.185735 16.1289 0.252058 17.8443 0.239868 
14.7367 0.189852 12.9447 0.188494 12.8329 0.17191 19.3319 0.267948 17.3733 0.299582 15.4285 0.250477 15.358 0.22079 
15.7937 0.211211 14.1589 0.21195 12.8172 0.217943 12.2254 0.18322 12.8138 0.180871 15.093 0.178292 15.9846 0.249886 
12.9767 0.214689 13.3443 0.251078 12.991 0.23105 12.8229 0.195682 17.9704 0.340036 14.1317 0.23803 21.7906 0.321233 
12.6648 0.235044 18.1642 0.450321 12.6696 0.220742 12.9862 0.201124 12.5612 0.206278 13.0397 0.235259 15.43 0.272325 
11.0123 0.258135 11.2397 0.248311 9.78793 0.241837 10.5797 0.251713 12.1319 0.279417 11.0084 0.195 12.3527 0.398981 
