15.8801 0.189677 15.6214 0.155139 16.4093 0.202275 15.8344 0.141182 15.6186 0.148709 16.025 0.163258 16.6041 0.250371 
15.8512 0.111743 15.1917 0.0988193 16.2712 0.116051 15.1667 0.0900108 15.1419 0.0998988 16.2295 0.119409 15.1613 0.0991781 
15.1223 0.115533 15.9517 0.104916 16.1024 0.109906 15.2803 0.0982303 15.9762 0.0974336 15.7055 0.113194 15.1812 0.099867 
15.1178 0.107968 14.7649 0.0974113 15.6725 0.0857246 14.9389 0.0879865 15.0982 0.109208 14.9662 0.101603 14.6138 0.0944391 
16.9209 0.108337 16.583 0.116697 16.4188 0.126419 16.2072 0.12028 16.5748 0.11987 16.0065 0.0929302 16.5068 0.111743 
15.5993 0.0927701 15.0759 0.0952311 14.8185 0.0907758 15.2117 0.108279 15.0583 0.11726 15.1563 0.0952132 15.2081 0.0924987 
11.875 0.084452 11.3964 0.0744692 11.904 0.084994 11.4986 0.0792537 12.0048 0.0972062 11.682 0.0832459 12.0396 0.0924457 
11.726 0.0759431 11.3218 0.0739953 11.3595 0.0843595 11.1402 0.0767156 11.3111 0.0681851 11.1593 0.0821578 10.9624 0.080133 
16.1219 0.11408 15.5415 0.107108 16.4157 0.0994728 15.4382 0.113245 16.2345 0.110013 16.1915 0.116441 16.2798 0.10331 
16.2124 0.103576 15.6477 0.104878 15.2238 0.0968901 15.7412 0.108805 15.2739 0.101783 15.0308 0.0993047 15.3582 0.0915821 
15.8361 0.108833 15.9822 0.0990319 15.9234 0.109597 15.9388 0.115966 16.6362 0.103088 16.5996 0.109128 16.4286 0.117248 
15.6706 0.104322 15.5069 0.10099 15.6579 0.0885554 15.5529 0.0951219 15.5902 0.109926 15.3109 0.11688 14.9289 0.113442 
15.8906 0.1135 15.9363 0.107613 16.0682 0.103432 15.9363 0.0967513 16.6612 0.119117 15.7961 0.105729 16.3377 0.107321 
16.1236 0.0888971 16.0739 0.0947094 15.5231 0.10439 15.1184 0.104722 15.3481 0.0932054 15.5942 0.103061 14.9441 0.0886819 
16.6317 0.115712 16.0305 0.0953031 16.9681 0.112724 15.9337 0.11252 16.6006 0.122473 16.3357 0.101456 16.71 0.125893 
16.0957 0.0910162 14.9137 0.091021 15.6447 0.110383 14.5424 0.109997 15.4465 0.104038 15.2014 0.0893625 14.2941 0.110912 
15.8973 0.0897511 15.7167 0.0912112 14.86 0.104367 16.4797 0.109898 16.4828 0.104868 16.3696 0.117891 16.531 0.105085 
15.1948 0.0923008 15.3382 0.100867 15.6925 0.104151 15.0083 0.104445 14.8828 0.0875241 14.9611 0.0868227 15.0211 0.104862 
15.9504 0.0933592 15.4846 0.103635 16.2234 0.109685 15.3265 0.11029 16.1158 0.0924198 15.8966 0.103346 16.4346 0.110807 
15.9403 0.0881646 15.3403 0.0913562 14.9764 0.0859048 15.5164 0.0952114 15.6104 0.108036 15.4751 0.114661 14.3716 0.085649 
15.323 0.114913 15.6591 0.106787 15.7164 0.104 15.1335 0.10336 16.5001 0.104814 16.1479 0.100199 15.9548 0.103405 
15.2532 0.0925355 15.2747 0.0815143 14.6799 0.0946037 14.6174 0.0939796 15.3037 0.0884202 15.076 0.100151 14.2833 0.0947484 
15.5395 0.0910193 14.9704 0.110111 17.4696 0.103021 14.9303 0.0905837 15.3338 0.0984321 16.1042 0.108769 15.6353 0.100067 
15.351 0.0880678 14.3033 0.0912815 14.8536 0.0949239 14.6253 0.10103 15.3526 0.0934663 14.5925 0.0894973 14.2766 0.0912762 
15.5429 0.107019 15.3586 0.101022 16.0355 0.109864 15.4144 0.103912 15.8824 0.128131 16.3412 0.110113 15.9192 0.115281 
15.1169 0.0973181 15.4966 0.117289 14.4357 0.105273 15.5798 0.110286 14.6087 0.0964594 14.5629 0.108974 13.9047 0.118559 
14.859 0.15208 14.0772 0.153679 14.3491 0.125273 14.455 0.147681 14.3126 0.146641 12.9293 0.123726 13.03 0.183042 
