25.8623 0.329741 
26.3663 0.278915 
26.2337 0.186753 
25.565 0.345889 
26.6015 0.171555 
26.0797 0.214054 
26.4267 0.17657 
26.6965 0.22097 
26.1139 0.178007 
26.465 0.198233 
26.0636 0.184318 
26.5023 0.236967 
26.433 0.192699 
26.6185 0.210606 
25.6268 0.156112 
25.8887 0.190056 
26.2842 0.171789 
26.4717 0.213676 
26.6017 0.165244 
26.0176 0.196668 
26.0218 0.258277 
26.7696 0.208634 
25.6482 0.143516 
26.6199 0.200558 
26.0702 0.162238 
25.7912 0.213195 
26.494 0.174719 
26.6116 0.220098 
26.0076 0.163467 
26.2844 0.218634 
26.3721 0.181928 
26.7196 0.285086 
25.901 0.166912 
25.6688 0.207989 
25.8405 0.160648 
26.371 0.178032 
25.891 0.180108 
26.5196 0.211135 
25.9398 0.185039 
26.2021 0.196149 
26.5576 0.193942 
26.2529 0.195395 
26.03 0.168673 
26.1232 0.1937 
26.6335 0.172085 
26.3525 0.18008 
26.4047 0.170925 
25.6848 0.246315 
26.3961 0.165239 
26.6728 0.215475 
25.8053 0.234517 
26.1049 0.235998 
