28.3141 0.284006 18.9759 0.168785 21.6256 0.210861 19.4183 0.155904 23.2448 0.177712 27.7915 0.247718 32.1286 0.443893 
23.1686 0.135974 21.7429 0.106746 23.9696 0.135749 21.4751 0.106884 19.7711 0.0992505 16.6626 0.0948449 20.6224 0.112408 
19.9582 0.115663 18.5004 0.114705 18.4091 0.102672 22.1057 0.111688 18.1035 0.0985854 19.9464 0.120136 18.0617 0.113339 
24.4851 0.152815 17.0072 0.0995395 23.4734 0.112064 17.6838 0.0826631 17.6202 0.0943999 22.4693 0.121029 16.3439 0.089464 
22.3017 0.114579 18.7341 0.11454 24.6783 0.149583 22.9367 0.145042 22.7676 0.131115 21.2725 0.102008 18.8066 0.119068 
22.3311 0.106381 19.8958 0.109135 19.3995 0.107351 18.5395 0.107279 15.5097 0.104521 21.5197 0.107136 18.9224 0.101297 
13.8428 0.0733089 16.9893 0.0908953 13.4253 0.0682796 14.1306 0.084501 15.3235 0.0949232 15.8156 0.076804 15.2368 0.0840382 
15.7839 0.0798251 13.6135 0.0820416 16.2928 0.0951773 13.1845 0.0729386 15.1666 0.0727576 19.7581 0.119859 15.7825 0.0957946 
22.5465 0.115442 17.9417 0.106378 21.167 0.0983338 19.9664 0.120177 20.5981 0.111912 23.2149 0.128204 23.8747 0.125058 
21.504 0.108195 31.7103 0.225123 23.497 0.133313 21.096 0.1147 21.8682 0.116639 17.2675 0.102392 18.7398 0.102986 
19.513 0.109751 18.5472 0.101539 16.7325 0.0890734 22.2179 0.128845 22.1677 0.112006 19.7525 0.108603 22.8109 0.130706 
21.1573 0.115696 19.5795 0.112466 20.8912 0.0949117 19.4744 0.0953802 20.5692 0.111597 20.1798 0.132776 20.7979 0.12187 
21.1784 0.11821 20.6024 0.114719 21.6356 0.111984 18.8476 0.111184 20.6997 0.11004 22.6824 0.130579 24.6158 0.131259 
18.8179 0.0847394 21.452 0.106908 18.948 0.106256 22.8787 0.123939 18.4373 0.0975431 19.8495 0.107448 16.5014 0.0800371 
21.9943 0.120745 21.5438 0.101816 22.4493 0.123288 20.7851 0.119461 22.6877 0.124708 21.7896 0.121918 24.4137 0.146861 
21.2749 0.0956595 19.6221 0.102466 21.1442 0.117231 19.474 0.114882 20.8093 0.114135 19.9595 0.0954124 19.567 0.113328 
22.1656 0.107203 21.5693 0.110118 20.7581 0.113816 21.4648 0.125565 22.6866 0.123298 21.9785 0.131152 21.0433 0.109945 
22.6399 0.134992 20.7544 0.106113 21.3758 0.110915 21.0394 0.114897 18.5946 0.0905349 19.5874 0.0941744 20.9029 0.119421 
21.8323 0.111115 21.4619 0.112412 21.6255 0.114624 20.4269 0.115933 20.903 0.101265 21.6857 0.118542 22.4745 0.119566 
20.61 0.0879075 18.9299 0.0921679 20.76 0.093139 20.8726 0.0978065 20.6617 0.113282 19.6226 0.121155 18.9417 0.086971 
21.561 0.122661 18.4709 0.105573 19.9389 0.107797 18.6735 0.112107 19.9131 0.101647 21.7962 0.11695 20.5282 0.116737 
21.6788 0.107622 20.9893 0.0931892 17.9755 0.0924756 18.7689 0.109484 20.5901 0.098827 18.8726 0.10901 18.4755 0.100261 
19.5633 0.104698 19.597 0.114077 21.8948 0.102377 23.2113 0.114474 23.14 0.126922 21.689 0.117943 19.2789 0.0996027 
19.024 0.08915 17.4374 0.100499 18.636 0.0920823 17.8386 0.0976378 18.098 0.0878211 18.953 0.0894255 16.8704 0.0905701 
19.0743 0.114083 19.4884 0.107282 20.2849 0.104784 19.4957 0.100365 22.2939 0.137711 21.3467 0.11408 22.4669 0.1331 
18.6694 0.112951 22.6956 0.139411 19.2947 0.113915 20.0529 0.116467 17.7672 0.0906224 17.8193 0.107152 19.3622 0.123571 
14.685 0.116699 15.1467 0.122168 13.7467 0.0997699 14.6267 0.110311 16.2329 0.127354 12.9601 0.101683 19.4133 0.179174 
