26.1156 0.319902 
26.3663 0.278915 
26.2337 0.186753 
27.0963 0.342092 
28.3414 0.18339 
26.4257 0.215951 
29.9295 0.203273 
25.2055 0.214732 
28.1987 0.192761 
28.6714 0.210035 
28.4732 0.192014 
30.9408 0.246109 
31.0758 0.221382 
28.5329 0.229259 
29.0545 0.182216 
28.5816 0.219017 
31.0752 0.211152 
31.7563 0.294736 
29.2198 0.189754 
30.4907 0.252137 
28.2364 0.290746 
32.9999 0.323426 
30.3833 0.172917 
30.6725 0.264423 
28.9674 0.179001 
29.2972 0.248778 
29.4337 0.199937 
30.3242 0.281306 
30.0976 0.195748 
27.7526 0.239535 
29.3176 0.232844 
29.7741 0.28826 
28.6979 0.169763 
27.6127 0.225949 
28.8348 0.182256 
30.3956 0.234081 
28.0293 0.180322 
29.7236 0.233631 
28.4513 0.206803 
28.0015 0.212302 
30.1721 0.2121 
28.3536 0.213211 
26.8088 0.176898 
27.1667 0.203918 
27.5236 0.176433 
27.9768 0.194434 
27.5336 0.181274 
26.5793 0.245934 
27.7895 0.172173 
27.6935 0.238521 
27.4491 0.260857 
28.1389 0.260216 
