21.3295 0.407002 
21.8306 0.562587 
22.4156 0.199038 
21.4354 0.467624 
21.483 0.185859 
22.397 0.230386 
21.8534 0.184172 
22.1554 0.236723 
21.8481 0.177753 
22.2396 0.222573 
21.8433 0.18647 
21.898 0.22091 
21.4279 0.182929 
21.5634 0.21407 
21.7289 0.173707 
20.4404 0.219651 
21.3659 0.165711 
21.3979 0.212837 
22.0243 0.16143 
21.2391 0.21364 
22.6244 0.25492 
21.8218 0.219067 
21.4815 0.149072 
21.8002 0.241506 
20.8526 0.154082 
20.8753 0.322206 
20.5767 0.170572 
21.8134 0.209735 
21.4558 0.166298 
21.5915 0.235178 
22.1967 0.195421 
21.6505 0.201906 
21.3855 0.15297 
22.0087 0.196043 
21.3363 0.161474 
21.7801 0.232133 
21.7364 0.150172 
21.64 0.381729 
22.4045 0.193009 
22.5963 0.217427 
21.7757 0.200567 
23.5482 0.216394 
22.4646 0.178431 
22.6334 0.215302 
23.1967 0.175704 
23.0289 0.19449 
22.4201 0.197355 
23.1149 0.22408 
22.7593 0.184085 
22.8149 0.272845 
22.6958 0.328387 
23.115 0.267785 
