16.1936 0.256425 
17.95 0.21296 
15.3718 0.129107 
19.568 0.170172 
18.9428 0.194347 
15.7905 0.155676 
19.428 0.199051 
15.5939 0.172231 
19.7508 0.198297 
17.4784 0.17626 
19.2616 0.197832 
19.82 0.199213 
22.7845 0.241623 
15.0549 0.172324 
17.2744 0.166669 
19.6556 0.1807 
21.3102 0.197564 
20.1027 0.175994 
18.0713 0.181789 
20.5404 0.220312 
19.3766 0.290663 
19.5416 0.20489 
19.5024 0.181599 
20.9284 0.218639 
17.064 0.164909 
20.9865 0.220644 
20.3564 0.194551 
18.4634 0.176302 
18.1044 0.184149 
20.0511 0.200899 
19.6787 0.201724 
18.2906 0.199786 
20.586 0.215559 
18.0137 0.180065 
19.4014 0.194904 
20.1576 0.184188 
17.984 0.182728 
20.0893 0.207726 
20.9051 0.212828 
18.0339 0.164656 
21.0794 0.194016 
17.6579 0.159411 
16.961 0.161315 
18.9841 0.178423 
17.2818 0.145694 
19.3268 0.17038 
18.8395 0.157484 
17.928 0.188438 
18.854 0.142376 
18.7208 0.14775 
19.8378 0.287539 
23.3703 0.323283 
