15.3496 0.188553 
15.4557 0.163602 
15.8721 0.1098 
16.2523 0.398785 
16.7901 0.114833 
15.9801 0.13971 
17.6089 0.113132 
14.8128 0.119292 
16.9546 0.106985 
16.9959 0.137738 
17.4044 0.112232 
18.171 0.142261 
18.6211 0.132053 
16.9817 0.135088 
17.9461 0.120228 
17.8648 0.141875 
18.6837 0.129133 
18.9625 0.142092 
17.3039 0.110737 
18.4531 0.151929 
17.6537 0.168215 
19.3032 0.166448 
18.5026 0.151776 
18.3425 0.154773 
17.5285 0.106937 
17.5908 0.146197 
18.0411 0.11757 
17.8259 0.145329 
18.8788 0.118745 
16.6994 0.158473 
17.9817 0.126783 
17.8271 0.146706 
17.471 0.104777 
16.5344 0.124615 
17.3866 0.110784 
17.9874 0.134966 
16.8951 0.107254 
17.4746 0.140301 
17.2123 0.123195 
16.7698 0.127385 
18.0584 0.119417 
17.1215 0.123541 
16.1487 0.103335 
16.4635 0.116649 
16.2598 0.0962451 
16.8925 0.125978 
16.4105 0.104792 
16.231 0.11947 
16.4655 0.101144 
16.3614 0.118749 
16.6226 0.143439 
16.772 0.146781 
