0 7.24759 0.297733
1 6.74039 0.179758
2 6.78821 0.200238
3 6.80123 0.236934
4 6.8357 0.233524
5 6.5742 0.289334
6 6.64737 0.274642
7 6.67583 0.154227
8 6.16409 0.140721
9 6.75341 0.150908
10 7.00266 0.133064
11 7.0766 0.123409
12 6.68115 0.14889
13 6.6712 0.18018
14 6.87088 0.161183
15 6.88152 0.125544
16 7.31919 0.168424
17 6.38245 0.144676
18 6.4427 0.149197
19 6.76729 0.180348
20 6.17675 0.162772
21 6.99249 0.169556
22 6.67726 0.169271
23 6.69785 0.120446
24 7.24006 0.141952
25 6.32163 0.0883755
26 6.52403 0.0913056
27 6.62192 0.148756
28 6.49961 0.149389
29 7.3421 0.150705
30 7.11774 0.116673
31 6.64525 0.157069
32 6.73553 0.15552
33 6.58912 0.126383
34 6.68418 0.163293
35 6.37075 0.127201
36 7.20839 0.138279
37 6.42087 0.144463
38 6.96021 0.16743
39 5.84691 0.188317
40 7.01581 0.126667
41 7.38086 0.133339
42 7.01586 0.160537
43 7.12156 0.157353
44 7.16099 0.168601
45 7.00858 0.157896
46 6.69891 0.19146
47 7.07386 0.159465
48 7.1395 0.170417
49 7.06348 0.111382
50 7.44356 0.150169
51 6.971 0.182601
52 6.90282 0.126381
53 7.20191 0.154827
54 6.36976 0.178892
55 6.99145 0.173707
56 6.80765 0.142123
57 6.42891 0.182831
58 7.15355 0.112896
59 6.6835 0.167652
60 5.72058 0.165526
61 6.77755 0.145682
62 6.79402 0.146859
63 7.33676 0.158921
64 7.10457 0.135745
65 6.06202 0.156969
66 7.07598 0.121532
67 6.54079 0.131743
68 7.13768 0.149569
69 6.77372 0.136097
70 7.24731 0.16409
71 7.08622 0.14453
72 6.78658 0.175661
73 6.19429 0.168628
74 7.71073 0.124799
75 7.11804 0.145214
76 6.82563 0.168852
77 7.29737 0.144975
78 6.46676 0.16608
79 6.8077 0.121808
80 6.93252 0.136122
81 6.63502 0.145939
82 7.31789 0.190952
83 7.467 0.184584
84 7.2338 0.165936
85 6.46434 0.174628
86 6.71518 0.144409
87 6.94269 0.169454
88 6.90819 0.136192
89 6.73399 0.147573
90 6.96795 0.143781
91 6.69733 0.127099
92 9.68316 0.159729
93 7.18768 0.167987
94 6.176 0.121192
95 7.00128 0.148914
96 7.0463 0.151663
97 7.04807 0.151012
98 7.20261 0.16461
99 6.8463 0.121141
100 7.23598 0.127554
101 7.54978 0.145665
102 7.29888 0.158178
103 7.54472 0.144632
104 7.32118 0.160692
105 7.09346 0.120036
106 6.76065 0.191881
107 7.07331 0.152428
108 6.29088 0.160518
109 7.72533 0.147734
110 7.0897 0.129635
111 7.05802 0.13237
112 7.37217 0.128503
113 6.50874 0.132473
114 7.23365 0.172334
115 7.12519 0.148138
116 6.58786 0.136487
117 6.91087 0.161758
118 7.36047 0.131096
119 6.30814 0.162746
120 6.88522 0.12922
121 6.1853 0.167821
122 6.8365 0.124475
123 7.07711 0.142238
124 6.66251 0.127925
125 7.46023 0.161622
126 7.43256 0.125138
127 7.46443 0.160697
128 7.36786 0.130441
129 7.53313 0.160337
130 6.44136 0.133209
131 7.73783 0.184021
132 7.41677 0.157715
133 7.40131 0.135164
134 6.8548 0.12348
135 7.4819 0.138661
136 7.08565 0.113219
137 7.46204 0.160685
138 7.35349 0.145017
139 7.26544 0.138454
140 7.25614 0.159257
141 7.02517 0.113593
142 6.83053 0.155302
143 7.37521 0.132558
144 6.67801 0.150114
145 6.71633 0.139775
146 7.09094 0.140674
147 7.25227 0.140887
148 6.83948 0.103749
149 7.19321 0.13784
150 7.05675 0.129703
151 7.0588 0.120034
152 6.39282 0.15246
153 6.97432 0.13172
154 7.36949 0.132977
155 6.22589 0.139104
156 7.3959 0.138691
157 7.14163 0.139493
158 6.51269 0.150333
159 7.23785 0.137443
160 7.22096 0.130235
161 6.89105 0.130724
162 6.64133 0.160869
163 6.37403 0.0884376
164 6.11828 0.0967121
165 6.35334 0.0824132
166 7.0702 0.142621
167 6.86723 0.122776
168 6.06424 0.101204
169 6.1817 0.089128
170 5.97213 0.089517
171 6.42192 0.0935284
172 6.33462 0.111452
173 6.20274 0.103328
174 6.03744 0.0998399
175 5.97062 0.0958037
176 5.42231 0.110069
177 6.2251 0.105639
178 6.10751 0.10123
179 6.01321 0.0928636
180 6.12167 0.113226
181 5.62697 0.108331
182 6.33378 0.134335
183 6.16994 0.14804
184 6.18397 0.11865
185 6.56721 0.126417
186 6.42559 0.137729
187 6.51163 0.132775
188 6.35425 0.149876
