12.7605 0.154561 10.1624 0.126727 11.1396 0.184789 11.9808 0.121956 12.3235 0.131594 12.5115 0.150877 10.38 0.160083 
11.6995 0.085354 11.6663 0.0804543 11.0373 0.0810227 11.3056 0.0694897 10.9316 0.0688432 11.6522 0.0841742 11.9608 0.0909847 
11.2774 0.0856255 10.7106 0.0732051 12.2356 0.0944537 12.1668 0.0855601 12.7059 0.0867214 12.0951 0.0884587 11.905 0.0780425 
10.927 0.0803041 11.4941 0.0737957 10.6875 0.0619229 11.2875 0.0652544 8.25926 0.054879 8.63562 0.066291 11.3116 0.0754514 
12.9687 0.0929171 12.264 0.0848408 10.1845 0.114828 11.9557 0.0994648 11.8017 0.0914359 12.7898 0.0785367 12.0468 0.0898076 
11.7378 0.0730157 10.7716 0.075129 12.0354 0.0750664 11.6843 0.0890605 12.1 0.0965991 10.94 0.0666806 10.5616 0.0662355 
9.39121 0.059151 9.18979 0.0591086 9.85252 0.0578374 8.97623 0.0673178 9.57422 0.0798923 9.45781 0.0620053 8.68779 0.0692584 
8.23624 0.0609405 8.69293 0.0553209 9.18438 0.0794328 7.21474 0.0910138 9.29188 0.0553868 9.48157 0.077096 8.23274 0.0801176 
12.1164 0.0758383 12.7757 0.0942027 11.6941 0.0691673 11.9434 0.0951795 14.1578 0.0972642 12.2309 0.0914367 13.0093 0.0774106 
12.8914 0.099128 10.9033 0.0769779 12.6648 0.0803324 10.7524 0.0766774 11.4296 0.0810363 11.6766 0.0830194 12.2374 0.0761897 
12.9966 0.0851992 13.4082 0.0929167 13.533 0.0931354 12.3819 0.0935208 11.9743 0.0726224 12.0486 0.0782142 11.3967 0.0805701 
11.6623 0.0856373 12.8039 0.0812909 11.4043 0.0671222 12.0022 0.0798349 12.3591 0.085547 11.864 0.0923702 12.0208 0.0901123 
12.224 0.0924931 13.1053 0.0873264 12.8615 0.0960362 13.7505 0.0814803 11.7666 0.0846533 12.3019 0.086267 11.7313 0.082348 
12.8811 0.0679755 11.6052 0.078642 12.3929 0.0859878 11.076 0.0731657 12.2004 0.0807144 12.7983 0.081308 12.3353 0.074098 
13.2812 0.109743 11.5824 0.0716626 11.8841 0.0811282 11.1523 0.0783176 13.268 0.087615 12.4705 0.0843113 12.2063 0.0891857 
12.2533 0.0767957 12.7915 0.0863967 11.5062 0.0814375 12.6638 0.0921765 11.1348 0.0782103 11.802 0.06516 10.3981 0.0800084 
11.7724 0.0849789 12.0923 0.0855625 12.2945 0.0855004 11.5141 0.0811286 12.8752 0.0909846 13.0129 0.0894549 11.3739 0.0784622 
12.9517 0.0818484 11.2878 0.0713355 12.8634 0.0866443 10.3053 0.0714078 12.1264 0.0691941 11.5724 0.067486 11.6534 0.0818887 
11.4799 0.071736 12.3173 0.0751639 10.8034 0.078497 11.5764 0.0808913 13.0376 0.0758343 12.7142 0.0846363 11.8282 0.0848298 
13.0038 0.0693288 11.4369 0.0726386 11.372 0.0620545 11.3505 0.068729 11.8385 0.0797468 10.8965 0.0724266 11.2333 0.0633439 
11.727 0.0945463 10.5294 0.0790369 13.0702 0.0823616 10.706 0.0749151 13.5361 0.0868261 11.7657 0.0756814 11.8255 0.0866977 
11.01 0.0684534 10.9831 0.0614355 11.1605 0.0697761 10.5822 0.070404 11.2193 0.0679802 11.9316 0.0822096 10.6006 0.0688881 
11.7337 0.0731616 10.7334 0.0749815 13.6415 0.0842012 11.5229 0.0698501 12.1588 0.086938 10.5373 0.0778044 11.193 0.069259 
11.1882 0.0683585 11.2185 0.0784324 8.70452 0.0598148 8.25195 0.0801156 8.33328 0.0576901 11.4847 0.071468 9.9111 0.0715433 
9.18247 0.0748527 8.95705 0.0741319 8.95162 0.0722008 8.91024 0.0665103 8.76889 0.140764 9.6151 0.0739743 9.80626 0.0756105 
8.51393 0.0946789 7.803 0.161876 8.61325 0.102686 8.66911 0.0758377 8.74481 0.066371 8.07651 0.116111 7.39035 0.187953 
8.72214 0.0949791 8.35152 0.0944194 8.04418 0.100805 8.08817 0.0983197 8.13299 0.11895 7.59871 0.0877177 6.72247 0.170014 
