9.58219 0.200948 11.6019 0.362561 14.0574 0.354617 15.0437 0.343217 15.5528 0.295462 14.6482 0.489132 19.8402 0.764592 
15.8743 0.207808 18.3921 0.247297 16.4802 0.259465 16.0636 0.190814 14.9848 0.24872 10.6813 0.180248 18.014 0.251251 
15.2975 0.243126 13.4538 0.176788 13.1395 0.190935 17.205 0.324766 12.6209 0.194921 14.2275 0.253971 18.9393 0.313883 
19.6855 0.321905 12.5865 0.202215 18.5709 0.23773 13.605 0.169152 11.8984 0.196654 16.543 0.211863 13.8625 0.195972 
15.7405 0.231451 12.9159 0.208318 17.3881 0.298688 14.7668 0.280055 15.4237 0.325614 15.8031 0.200525 19.852 0.316289 
16.4404 0.256387 14.3194 0.191692 14.9553 0.217865 15.3583 0.254044 10.6476 0.196042 17.5541 0.250874 16.9727 0.20364 
13.9249 0.190063 18.4074 0.232512 14.4063 0.180792 14.2343 0.258493 15.2872 0.250267 14.9311 0.207087 23.9072 0.436802 
15.7099 0.241864 14.2611 0.183436 15.9124 0.254325 12.9722 0.223807 15.9626 0.205601 24.4913 0.465482 18.3055 0.281651 
17.1612 0.240541 12.6244 0.183956 14.9479 0.196726 14.807 0.27252 13.4356 0.205922 15.2906 0.23453 22.1312 0.298311 
17 0.225254 14.8448 0.203434 17.8124 0.286007 14.8168 0.244508 16.1259 0.248412 12.5036 0.187794 22.8732 0.292271 
14.5741 0.197996 13.6068 0.182792 10.9862 0.174409 17.1457 0.291207 15.9836 0.287798 14.4344 0.270281 18.4408 0.281534 
14.4442 0.211468 14.1533 0.201061 14.6867 0.18739 15.0012 0.209841 14.9007 0.223583 14.8001 0.242047 9.5296 0.171616 
14.843 0.243199 14.8214 0.287076 16.1009 0.228065 13.2427 0.172808 13.5078 0.215706 15.6526 0.22276 17.9932 0.286902 
14.6164 0.191331 16.2958 0.233302 13.8475 0.17975 18.0994 0.266766 14.2228 0.229194 15.5591 0.229848 18.7196 0.225053 
16.5283 0.266664 15.0337 0.187996 14.6769 0.220714 15.5438 0.244375 14.9067 0.255582 14.8099 0.199987 14.7816 0.239746 
16.5499 0.241822 14.2256 0.184989 16.7097 0.238437 14.8757 0.206338 15.0825 0.217254 14.3509 0.184795 13.5557 0.209206 
15.0326 0.190734 15.3068 0.204631 15.2644 0.240973 14.555 0.22916 15.7933 0.232789 14.9175 0.226214 16.554 0.277988 
19.1543 0.27588 14.489 0.203695 13.3751 0.179623 15.8081 0.228416 14.2625 0.176004 14.8099 0.217278 16.4969 0.242132 
16.2307 0.236642 15.7258 0.226441 15.5093 0.219701 14.6342 0.20343 15.4761 0.210124 14.9069 0.223924 16.4938 0.260125 
12.2017 0.166927 14.0901 0.162381 14.5795 0.18921 15.1487 0.177891 14.8845 0.248451 14.7917 0.21337 21.8706 0.244775 
15.2377 0.233219 13.9855 0.211201 14.0198 0.187225 14.3812 0.204256 13.4088 0.181711 16.3577 0.222353 15.6475 0.236946 
17.8515 0.247164 15.5985 0.175483 13.8545 0.193165 14.4166 0.218228 14.9427 0.185619 16.8033 0.252774 18.7849 0.263327 
14.847 0.194519 13.159 0.179878 13.1582 0.175385 19.253 0.266434 17.4783 0.285321 15.5252 0.26037 15.7948 0.193238 
16.69 0.259208 14.0457 0.190511 12.744 0.185276 12.8041 0.186364 12.741 0.171331 15.2512 0.194438 15.8376 0.223366 
12.8594 0.216407 13.4896 0.204026 13.2734 0.204271 13.1514 0.178091 17.7494 0.298695 13.8934 0.200109 21.9421 0.358697 
12.1583 0.174418 17.7124 0.302128 13.1856 0.202379 12.7796 0.193904 12.5277 0.190068 12.8768 0.273616 15.8464 0.243815 
10.6957 0.299792 11.1399 0.25571 9.94797 0.222631 11.1265 0.22399 11.7116 0.223013 10.916 0.214822 13.7176 0.285369 
