29.3226 0.318135 20.0114 0.182383 23.1465 0.209925 19.9836 0.151811 23.9775 0.182411 28.8365 0.266789 33.6812 0.565948 
23.7915 0.131284 22.6046 0.122433 24.8997 0.14519 22.3204 0.109601 20.6233 0.108365 17.6101 0.106371 21.5245 0.114971 
20.813 0.121698 19.7881 0.113084 18.8466 0.108359 22.8401 0.111977 18.9574 0.103689 20.3864 0.125975 18.8407 0.107774 
25.3033 0.141168 17.5907 0.101889 24.6596 0.116759 18.2685 0.0938167 18.7829 0.104394 23.2824 0.125356 17.2089 0.0999157 
23.1578 0.11492 19.9748 0.119544 26.3114 0.170765 23.32 0.146932 23.3698 0.140144 21.625 0.103608 19.4065 0.111055 
23.1983 0.111331 20.6813 0.110426 19.9497 0.105971 19.0194 0.113439 16.0226 0.101369 22.4831 0.114985 19.7279 0.109741 
14.2308 0.0817664 17.8617 0.0902321 13.8323 0.0732433 14.8844 0.0864399 15.44 0.0957604 16.4911 0.0823968 15.8074 0.0887459 
16.5124 0.08308 14.2912 0.0809777 16.5974 0.0968379 13.9305 0.0770354 15.8905 0.0703587 20.7616 0.124199 16.169 0.095357 
24.0707 0.140338 19.1446 0.108666 21.7899 0.102993 20.9825 0.123783 21.6658 0.120003 24.6682 0.150542 24.7202 0.1242 
22.2577 0.113785 33.4873 0.257026 24.1415 0.135973 22.1293 0.126005 22.9086 0.127074 17.9154 0.100524 19.8681 0.101257 
20.5495 0.109181 19.4002 0.115027 16.8898 0.0935831 22.9082 0.144151 23.4237 0.127779 20.2345 0.116576 23.7844 0.143403 
22.1618 0.13098 20.6015 0.116238 21.7201 0.107972 20.3026 0.0963371 21.6553 0.121603 21.9094 0.135028 21.5307 0.124652 
21.6728 0.123553 21.5477 0.120327 22.2251 0.126079 19.5698 0.0976376 21.3778 0.120285 23.333 0.138193 25.7781 0.142541 
19.657 0.0863653 21.1708 0.09903 19.9973 0.112 23.6344 0.135276 19.5499 0.107118 20.63 0.114864 17.0813 0.0845613 
22.765 0.124622 22.2262 0.110741 23.4393 0.127782 22.1354 0.128498 23.1325 0.135694 22.8366 0.125688 26.2179 0.154178 
22.0927 0.108284 20.2079 0.108553 22.2188 0.128844 20.2475 0.118493 21.3809 0.123359 20.8992 0.0919131 21.186 0.1215 
23.433 0.126255 22.645 0.120891 21.8417 0.118927 22.6128 0.130777 23.693 0.13429 22.8363 0.133587 22.2201 0.118515 
23.9329 0.120927 21.6963 0.112942 21.9525 0.124892 22.3303 0.123191 19.5669 0.0861139 20.4437 0.0938574 21.5498 0.115404 
22.9925 0.11914 22.2195 0.116768 22.7551 0.133051 21.4526 0.119586 21.873 0.105884 22.0999 0.116546 23.3295 0.133132 
21.5414 0.0958261 20.0495 0.0998186 21.9223 0.100167 21.9109 0.109578 21.3806 0.119537 21.2465 0.120807 19.837 0.0849865 
22.6719 0.131804 19.8462 0.106541 20.7498 0.107847 19.7291 0.104806 20.7815 0.106109 22.6101 0.120399 21.299 0.112566 
22.6444 0.115273 22.2101 0.0969492 19.0695 0.0996894 19.6637 0.102237 21.711 0.104367 20.1284 0.109409 19.7827 0.1023 
20.8882 0.102028 20.2225 0.115829 22.7671 0.109366 24.3948 0.123216 24.0157 0.124989 23.2098 0.134071 20.4313 0.106844 
19.8312 0.0969182 18.2238 0.0958464 19.9772 0.0948536 18.9658 0.101258 19.4001 0.0936667 19.9323 0.0871882 17.4469 0.0897978 
20.3199 0.121265 20.8945 0.115089 21.8033 0.118878 20.49 0.103362 23.4338 0.136903 22.5706 0.124244 23.364 0.127036 
20.0615 0.114768 23.5302 0.153806 20.3213 0.12163 20.8686 0.125429 18.9565 0.0975174 18.9235 0.115711 20.8416 0.131103 
15.0417 0.146347 15.7669 0.133524 14.6237 0.106927 15.2287 0.12126 17.2771 0.13001 14.0629 0.116508 20.4117 0.186201 
