15.5014 0.169112 14.891 0.166011 14.8937 0.177393 14.786 0.141578 14.6319 0.140693 14.8213 0.148872 15.0653 0.234068 
15.1416 0.10256 15.0512 0.0993571 15.2205 0.108712 14.8938 0.0933123 14.8671 0.0875758 15.1163 0.107315 14.9335 0.103745 
15.1558 0.114626 14.9649 0.0987368 15.4126 0.103268 15.0116 0.0962995 15.285 0.102592 15.1256 0.106607 14.8357 0.0958921 
14.7653 0.109354 14.9932 0.100726 15.1774 0.0879281 15.044 0.099994 14.6455 0.102367 14.9553 0.0969197 15.1715 0.0995945 
15.0979 0.0937651 14.9826 0.102873 14.9114 0.115134 15.1575 0.116239 14.8473 0.106336 15.0216 0.0871802 15.0805 0.102017 
15.1282 0.0938114 14.7001 0.096698 15.0331 0.0907917 14.7434 0.115549 15.4301 0.121659 15.0068 0.0881327 15.0823 0.086828 
15.0225 0.11218 15.0548 0.0959163 15.1588 0.087885 15.056 0.111102 14.7073 0.108836 14.635 0.0996569 14.9855 0.118273 
14.9646 0.111604 15.0783 0.101525 15.1172 0.111113 14.8286 0.0958316 14.9443 0.0839392 15.1245 0.110935 14.7404 0.115026 
14.9123 0.101857 14.6567 0.122027 15.136 0.0902702 15.3961 0.116945 14.8558 0.109546 14.8762 0.10625 14.7987 0.0942799 
15.1332 0.0980272 15.3152 0.104072 14.9363 0.0971057 14.9786 0.100856 14.9809 0.107999 15.0001 0.104943 15.1213 0.0963304 
15.151 0.0935094 15.1942 0.0978191 15.119 0.101067 15.2652 0.114727 14.9905 0.0949936 15.026 0.0950679 15.2253 0.104479 
15.1988 0.103765 15.6195 0.102743 15.2196 0.0934032 14.9413 0.095367 15.1064 0.0995951 15.1034 0.118335 14.6904 0.10844 
14.9857 0.109686 15.6491 0.11393 14.9394 0.0967161 15.053 0.0921307 15.3071 0.108015 15.0015 0.10642 14.8357 0.102853 
15.2457 0.0867191 14.7701 0.0894994 15.0523 0.099793 14.6305 0.0995168 15.0775 0.0949545 14.9808 0.102532 14.9252 0.107278 
15.1271 0.101145 14.95 0.0983089 15.0906 0.0987724 14.7606 0.155524 15.1745 0.105237 14.7907 0.0999117 15.0628 0.113437 
14.9824 0.0824681 14.831 0.0881974 15.3265 0.106228 14.764 0.100552 15.1838 0.109449 15.2017 0.09199 14.6709 0.112157 
14.8801 0.0976332 15.0325 0.0947205 14.7069 0.104779 15.1333 0.105668 14.9184 0.0936948 15.0296 0.114577 14.7151 0.095203 
14.9026 0.0907865 15.0478 0.101317 15.2406 0.100681 15.1242 0.0995683 15.2094 0.0891457 14.5126 0.0919467 14.6568 0.10964 
15.0714 0.0888255 15.0606 0.099453 15.4094 0.102763 14.861 0.105056 14.8911 0.0908606 15.1736 0.101419 15.0942 0.103789 
14.8963 0.0834327 15.0907 0.0856437 15.1078 0.0847236 15.1375 0.0859665 14.5022 0.0968276 15.2827 0.103616 15.0972 0.0807059 
14.9964 0.104947 15.0197 0.098301 15.1673 0.0926623 14.9682 0.0965917 15.3305 0.0917498 15.2639 0.107509 15.2509 0.102697 
14.8116 0.0975431 14.7617 0.0792556 14.9561 0.0901541 14.7843 0.088204 14.7995 0.0885315 14.9162 0.105161 14.7288 0.0904984 
15.1049 0.0859229 15.3482 0.0990968 15.0545 0.0947894 14.7857 0.0802289 14.8078 0.0957826 14.8874 0.10387 14.9875 0.0980629 
15.3248 0.0910461 15.0996 0.0973185 14.9954 0.0950884 15.2676 0.101318 14.8602 0.0902583 14.6521 0.0842627 15.1786 0.0932961 
14.7553 0.102943 14.9261 0.0968281 15.1407 0.106816 15.0488 0.101188 14.3807 0.108038 15.2174 0.105798 14.7002 0.10557 
14.5211 0.0952948 14.4997 0.106425 14.9439 0.109211 15.1589 0.100576 14.9931 0.0866476 14.87 0.113371 14.3456 0.114714 
15.0281 0.153039 14.6586 0.148453 14.9433 0.142493 14.6886 0.138467 15.1897 0.138464 14.8447 0.144706 14.3977 0.21854 
