100.518 30.8886 26.1741 0.151516 28.4487 0.218571 27.3983 0.147754 32.2741 0.204441 39.6244 1.11147 451.286 42.6694 
32.5789 0.172982 30.6048 0.119184 31.4017 0.152058 30.7228 0.103602 28.4843 0.105368 22.8027 0.0946666 30.2772 0.133759 
29.1876 0.130947 26.4647 0.0938961 25.7544 0.0992035 32.2316 0.125321 25.9453 0.0965058 27.3547 0.109586 26.1677 0.101291 
34.144 0.197603 25.9152 0.100721 33.7679 0.140717 27.4584 0.0924155 24.9563 0.0949544 30.979 0.109728 24.5573 0.0857806 
29.5863 0.108296 26.2972 0.105134 31.7545 0.169817 30.0337 0.142933 30.0109 0.133344 28.7787 0.105611 25.4041 0.101214 
32.6884 0.111115 29.0563 0.112919 29.357 0.103254 27.794 0.114354 23.6088 0.101995 31.6218 0.112611 27.6456 0.0945592 
26.2194 0.092663 32.7152 0.123187 25.0671 0.082234 27.9796 0.109028 28.1835 0.132809 28.7274 0.111074 28.8341 0.120313 
28.8828 0.102633 26.864 0.0957475 31.0618 0.143329 26.3118 0.104412 30.3683 0.0967977 37.8971 0.37296 30.7363 0.139178 
31.2622 0.120392 26.6925 0.100454 28.3254 0.0942954 29.8793 0.134777 29.5982 0.120499 31.2789 0.150409 32.88 0.133036 
30.3151 0.113336 43.0535 1.04655 34.6811 0.193713 30.4352 0.124377 31.9564 0.142046 25.1673 0.0988297 28.8987 0.0996675 
28.1194 0.10902 26.6929 0.0944243 23.256 0.0839226 32.2844 0.172336 30.3778 0.115674 27.3275 0.105584 31.8729 0.14836 
29.2698 0.122746 29.1664 0.114713 29.7814 0.104566 28.8955 0.101286 30.0065 0.121316 30.421 0.157088 30.1078 0.138329 
29.4096 0.121044 29.6953 0.130428 29.9968 0.144212 27.1735 0.0939866 27.8987 0.116052 31.3645 0.143406 33.169 0.163092 
27.123 0.0824189 28.7913 0.1339 27.1941 0.102865 33.5842 0.172757 28.02 0.104046 28.8435 0.111459 25.1396 0.0847118 
29.8433 0.127024 30.2121 0.109675 29.4444 0.126783 29.1963 0.116561 29.7928 0.122028 28.9868 0.111181 33.3123 0.192684 
30.3423 0.0969686 29.7735 0.106024 30.5572 0.136205 30.1745 0.120277 29.5327 0.125415 29.8897 0.0939426 29.8928 0.12975 
31.9403 0.11783 30.6879 0.123922 29.9971 0.122453 29.926 0.121475 31.3022 0.123988 30.2302 0.131501 28.7028 0.106748 
33.9406 0.147794 30.4735 0.11304 31.2309 0.135052 31.4187 0.136296 28.3463 0.0896086 29.2999 0.0963015 30.5975 0.130679 
30.4582 0.121976 29.4307 0.116007 29.4396 0.129178 29.604 0.112392 29.6812 0.101088 30.5915 0.125488 30.8896 0.141001 
28.2072 0.0898869 28.1763 0.0939763 30.9834 0.110658 29.753 0.10283 29.4921 0.111229 29.2777 0.119053 29.6009 0.0948076 
30.3064 0.140491 26.6989 0.103877 28.0698 0.102082 27.723 0.109058 27.9617 0.101981 30.0493 0.138371 28.471 0.112327 
31.0429 0.123053 30.4288 0.0909704 27.9526 0.0961007 29.1665 0.107165 29.6105 0.105863 28.4014 0.111711 28.7011 0.108504 
28.2021 0.100365 30.0268 0.125928 27.5954 0.094952 34.278 0.153573 32.0191 0.144396 29.5714 0.124899 27.3703 0.0938543 
27.6174 0.0941229 28.9057 0.108734 26.9603 0.0940199 27.0326 0.101103 26.465 0.0909654 28.786 0.0917077 26.0441 0.0967805 
26.1469 0.105654 27.2556 0.108748 27.7479 0.124338 26.7631 0.108348 29.4906 0.12899 28.1647 0.108216 29.8913 0.126261 
25.1289 0.108679 30.9191 0.148184 26.5721 0.11086 27.5985 0.113703 26.3234 0.0978483 25.4189 0.109518 29.4299 0.14099 
20.2279 0.124391 22.0658 0.133054 20.4167 0.105194 21.184 0.115614 24.3352 0.13893 21.4525 0.113193 31.8647 0.375264 
