19.7873 0.216642 
17.3756 0.170881 
17.4338 0.110406 
20.0988 0.297471 
18.0838 0.137366 
17.1521 0.136237 
19.1943 0.128325 
15.9399 0.13613 
18.7523 0.122096 
18.4681 0.177899 
19.074 0.126906 
20.2002 0.178862 
20.7208 0.144873 
18.4101 0.1562 
19.5535 0.144572 
18.9161 0.157533 
21.0471 0.132676 
20.921 0.164099 
19.2041 0.1396 
20.7771 0.16381 
19.3157 0.190778 
21.3466 0.179291 
20.7356 0.135038 
19.7056 0.157382 
19.7009 0.144359 
19.7278 0.163641 
20.3998 0.134249 
20.2824 0.169444 
20.8451 0.138669 
19.2098 0.185078 
20.7014 0.154668 
20.2105 0.175009 
18.9719 0.136727 
18.2002 0.148593 
18.3979 0.120698 
19.5415 0.154565 
17.9255 0.124637 
19.7844 0.168803 
18.7456 0.13657 
18.6798 0.152796 
20.1605 0.135991 
18.6087 0.137635 
17.4222 0.124236 
18.6086 0.141143 
17.6528 0.115991 
18.4416 0.183597 
17.9278 0.109937 
18.5059 0.156883 
17.5868 0.117954 
17.7482 0.1434 
19.7009 0.191573 
19.3309 0.197848 
