14.0356 0.127365 12.0194 0.129068 12.6063 0.1429 13.2141 0.109424 13.5621 0.116683 13.9838 0.129566 11.4751 0.148375 
13.1708 0.0776527 13.245 0.0760766 12.0982 0.0807078 13.1732 0.0702084 12.272 0.0721655 12.656 0.0879919 13.8818 0.0854455 
13.1995 0.0904766 12.5111 0.0730937 13.824 0.0846754 13.9148 0.078425 13.9386 0.0853918 13.1127 0.0870196 13.2125 0.080047 
12.9071 0.0826799 13.4832 0.0785534 12.5287 0.0612177 13.5277 0.0730248 10.4008 0.0642579 11.0177 0.0649535 13.6006 0.0760619 
13.6029 0.0796747 13.6942 0.0839714 11.8668 0.0862783 13.1424 0.0921969 12.4666 0.0865762 13.8555 0.0752089 13.3006 0.0773045 
13.4642 0.0697445 12.9859 0.0754378 14.1276 0.0852287 13.9468 0.0925942 13.8854 0.0971837 12.9633 0.0729402 12.3567 0.0738143 
13.6158 0.0748182 13.878 0.0828134 14.0721 0.077981 13.5614 0.0879819 13.5965 0.0911211 13.8207 0.0826767 13.0404 0.0809552 
12.3795 0.0813378 13.6086 0.0798176 13.8901 0.096344 12.1003 0.0769956 14.1914 0.0784441 14.8529 0.0970798 13.1031 0.0944443 
12.9569 0.0806494 13.7913 0.0872462 12.7178 0.0736645 13.744 0.0909184 14.3973 0.105372 13.0789 0.0905219 13.9144 0.0786011 
14.0697 0.0775103 12.6473 0.0754585 14.2345 0.0790995 12.3309 0.0726415 13.0918 0.077068 13.6874 0.0802982 14.4239 0.0802577 
14.2711 0.0823013 14.5859 0.0890102 14.5166 0.0873004 13.6928 0.089499 12.9909 0.071156 13.5241 0.0874194 12.5378 0.0794621 
12.7413 0.0777252 14.1711 0.0849272 13.1999 0.0668935 13.8147 0.0714147 13.873 0.0845412 13.8717 0.104459 13.9299 0.0961846 
12.9594 0.0828986 14.4546 0.0918588 13.9385 0.0850802 14.5002 0.07834 12.4774 0.0755098 13.7361 0.0886679 12.7479 0.0806464 
14.2605 0.0746582 14.8277 0.13072 14.0248 0.0813262 13.0526 0.0781486 13.9287 0.0839229 14.1651 0.0825951 14.0095 0.0745436 
13.9605 0.0813821 13.2514 0.0706441 12.7365 0.0763795 12.7821 0.0770944 13.4677 0.0851359 13.3819 0.0806424 12.989 0.0792477 
13.5473 0.0689635 14.5826 0.0875468 13.397 0.0809872 14.6808 0.0885363 13.2175 0.0810243 13.7753 0.0679403 12.2533 0.0813779 
12.8681 0.0714237 13.6941 0.0803696 14.235 0.0837919 12.917 0.0866637 13.7947 0.0764894 14.0046 0.0909348 12.5376 0.0726062 
14.4074 0.0803243 13.1165 0.0742918 14.5374 0.0839424 12.3802 0.0743518 14.0476 0.0699918 13.8024 0.0689799 13.5692 0.0806717 
12.6288 0.0808114 13.5973 0.0766946 12.1976 0.0773495 13.4482 0.0826854 13.9842 0.0696953 14.3085 0.0837264 12.5604 0.078421 
13.6781 0.0698914 12.9676 0.0660638 13.2302 0.0690738 12.9744 0.0692089 13.1317 0.0772198 12.7993 0.0832924 13.6184 0.0635619 
13.0342 0.0887162 12.1013 0.0731437 14.084 0.0803402 12.665 0.0801885 14.1954 0.079286 13.2467 0.0801362 12.9965 0.0877444 
12.7537 0.0705363 12.6411 0.0586463 13.1241 0.0723836 12.9119 0.074487 12.9447 0.0716276 13.8579 0.082228 12.5895 0.0728587 
13.3785 0.0724199 12.7773 0.0760042 13.2885 0.073822 13.3053 0.0726345 13.6864 0.0817915 11.706 0.0735683 12.5451 0.0736573 
12.7535 0.0647677 13.3098 0.0760223 11.0549 0.0617693 11.0616 0.0670748 10.7246 0.0590865 13.7163 0.0703122 12.4744 0.0756483 
11.0698 0.0755947 10.8269 0.0688157 10.6174 0.0698329 10.7109 0.0662388 11.0485 0.0847087 11.0078 0.0688651 11.3721 0.078298 
10.4838 0.0673905 10.3844 0.0772069 10.9428 0.077299 10.7413 0.0715816 11.0402 0.0645912 10.8452 0.0766642 10.9854 0.0889155 
10.7138 0.0919114 10.8727 0.0894427 10.52 0.0877202 10.6546 0.0872423 11.0468 0.0937665 10.9877 0.101122 10.8839 0.104681 
