29.9332 0.330812 29.0045 0.28981 30.6557 0.342318 28.0526 0.253921 28.0162 0.259913 27.0826 0.280182 29.6816 0.436831 
29.8006 0.21157 27.2186 0.162117 30.7599 0.214257 27.0307 0.157535 28.9227 0.175686 29.3967 0.209693 27.6565 0.177908 
28.1815 0.209438 30.7398 0.196571 28.4491 0.179989 26.9101 0.15211 27.931 0.160834 27.3354 0.176735 27.5277 0.179482 
27.3088 0.214095 24.5842 0.174418 29.9857 0.16813 26.2706 0.144774 30.6735 0.197381 32.0742 0.201578 25.323 0.160365 
30.1028 0.171232 30.2908 0.199493 31.7624 0.253274 29.1771 0.220449 30.3956 0.198891 28.4856 0.157105 28.0915 0.185701 
27.849 0.161247 27.5143 0.175821 25.8936 0.147007 25.8414 0.181553 24.9498 0.180702 28.3876 0.17185 28.3527 0.161915 
21.2958 0.134987 20.534 0.125585 21.2656 0.123645 20.8417 0.143692 20.6946 0.147976 21.4862 0.131664 22.7216 0.156565 
23.1072 0.134078 20.3787 0.118472 19.6389 0.150773 21.1381 0.16389 19.9523 0.112424 19.3804 0.129519 20.1428 0.14717 
30.5324 0.199003 26.6221 0.171932 30.6416 0.193894 27.667 0.200004 27.9155 0.217568 30.362 0.224516 29.016 0.172922 
27.8681 0.166689 30.4909 0.202151 27.2858 0.176869 30.5308 0.196512 28.3559 0.185767 28.3604 0.187701 27.5106 0.15737 
28.0411 0.177406 29.0889 0.197651 25.9137 0.17794 28.3853 0.206281 30.8916 0.192017 30.4144 0.198784 30.3635 0.191371 
29.3483 0.201121 27.5747 0.179257 29.422 0.163374 28.2031 0.155795 28.4414 0.184892 28.8985 0.227603 27.2515 0.203742 
29.1981 0.199328 27.4229 0.180885 29.1625 0.184171 27.6211 0.156369 31.6234 0.211555 28.9474 0.1979 30.6048 0.193114 
29.317 0.160424 28.3212 0.17984 28.5315 0.186669 27.77 0.174685 27.4264 0.165877 27.7282 0.183051 26.9645 0.158581 
28.7571 0.186256 29.5324 0.183768 32.6404 0.204975 30.2387 0.211389 29.8245 0.203588 30.2308 0.202189 30.7086 0.212233 
30.0005 0.168138 25.1552 0.157871 28.9702 0.194607 25.4528 0.158571 28.997 0.186054 27.4565 0.150658 28.7663 0.197323 
29.9374 0.178617 28.2785 0.17774 26.0151 0.154462 31.1276 0.216059 29.2072 0.177835 29.8473 0.213058 31.8296 0.191157 
26.7238 0.154531 28.8378 0.173399 26.248 0.180344 29.4157 0.191701 26.8123 0.142601 26.5964 0.15067 27.5989 0.171916 
30.0697 0.186903 28.1714 0.187163 31.7455 0.205401 28.5056 0.195105 28.5889 0.169796 27.5764 0.176442 30.9539 0.206845 
28.8497 0.164497 29.167 0.177503 27.317 0.147617 30.2621 0.162532 28.4089 0.175708 29.0481 0.210774 26.4177 0.137317 
29.1491 0.212111 31.7667 0.197364 27.6945 0.169908 29.6442 0.196793 28.0179 0.170395 29.3116 0.191811 29.6161 0.186746 
29.3408 0.186025 29.5085 0.157239 27.0833 0.158995 27 0.210946 28.5794 0.174859 26.6968 0.176083 26.7364 0.163282 
27.6885 0.199127 27.6057 0.175927 31.3586 0.177398 27.1631 0.153127 26.5053 0.225587 31.8628 0.21062 29.22 0.168795 
26.9084 0.153095 26.1445 0.168999 30.215 0.177409 29.9675 0.195585 31.863 0.181411 26.2743 0.143461 26.9045 0.174167 
29.9087 0.195029 31.837 0.198956 32.1029 0.200762 31.7611 0.199487 31.0357 0.223285 32.3897 0.207267 31.9102 0.224127 
30.5595 0.199834 30.5475 0.204084 28.9752 0.189449 30.3393 0.212471 29.5075 0.182922 29.2118 0.198323 28.9082 0.222177 
30.1144 0.286254 29.4575 0.276139 28.9362 0.256101 30.388 0.254002 30.4383 0.272588 26.974 0.240774 27.951 0.3008 
