19.6973 0.409791 
19.503 0.377632 
21.9105 0.170368 
17.5043 0.555514 
21.5716 0.15679 
20.1081 0.210547 
28.3506 0.164842 
19.611 0.193131 
26.2911 0.160138 
21.7306 0.186805 
21.0697 0.132952 
22.309 0.200927 
27.486 0.199541 
17.1505 0.161722 
22.3376 0.145859 
21.0283 0.214451 
23.8678 0.147478 
24.9297 0.26845 
24.0896 0.140995 
20.6781 0.20624 
28.7478 0.270424 
20.4588 0.185107 
24.3309 0.167525 
20.3703 0.203609 
19.6231 0.127994 
20.1729 0.206165 
21.2688 0.158949 
18.5371 0.188732 
23.6507 0.165569 
15.8666 0.164239 
17.832 0.135392 
17.3046 0.158668 
22.9366 0.158975 
24.3425 0.233524 
21.6241 0.151806 
22.1159 0.18524 
22.7055 0.157875 
17.3973 0.171136 
21.7708 0.172295 
18.742 0.188276 
19.3935 0.168226 
19.6202 0.192997 
22.9249 0.182768 
18.2827 0.158592 
21.8918 0.152639 
18.8768 0.189701 
21.4013 0.153758 
19.0923 0.209781 
21.0154 0.166756 
17.6373 0.166501 
21.9814 0.22722 
20.3115 0.305425 
