25.2442 0.319796 24.4012 0.270498 23.8301 0.335074 26.5463 0.259951 24.3075 0.251944 24.8051 0.248407 22.4827 0.329946 
24.9817 0.20008 25.192 0.168317 24.8614 0.177442 25.2822 0.161268 24.9398 0.164848 24.678 0.181874 25.0243 0.174932 
25.343 0.199047 24.8416 0.172901 25.1915 0.180733 25.0943 0.164852 25.0043 0.168461 25.1243 0.193382 23.8989 0.17327 
26.2524 0.195264 25.4392 0.187116 25.0904 0.155531 24.5019 0.154344 24.428 0.164157 24.5736 0.156026 24.6197 0.156656 
25.277 0.181772 24.4374 0.198215 25.3272 0.200983 24.1405 0.193143 24.4974 0.191229 25.0152 0.149177 25.4057 0.173563 
24.3615 0.143592 24.8517 0.177017 24.7341 0.175756 24.893 0.185781 24.0308 0.181639 24.8273 0.163214 24.9607 0.162697 
24.8794 0.170176 25.3845 0.160563 25.3326 0.167395 25.1842 0.175913 24.9938 0.188178 25.3036 0.16182 25.724 0.175168 
25.5312 0.168419 24.6241 0.161573 25.0789 0.195962 25.5087 0.173842 25.868 0.152673 24.721 0.173155 25.7308 0.180058 
25.0393 0.174165 25.2657 0.175406 24.7082 0.18512 25.5137 0.196944 24.9976 0.194144 24.8735 0.202158 24.6675 0.15557 
25.5615 0.179228 24.6393 0.183221 25.1704 0.169908 25.4826 0.177165 25.2545 0.190737 25.2497 0.175033 24.4372 0.158115 
25.8862 0.176907 24.7882 0.17501 24.7759 0.175066 24.7009 0.197071 25.0362 0.166339 25.5149 0.176208 24.8866 0.185881 
25.0082 0.183768 24.7867 0.165101 25.1061 0.164753 25.4726 0.162881 25.106 0.181952 25.891 0.224173 25.8481 0.204478 
25.1559 0.194046 25.2937 0.182861 25.0006 0.172528 25.3882 0.196125 25.1583 0.174352 25.4218 0.176082 26.0531 0.185705 
25.9155 0.142574 31.1352 0.230501 24.7687 0.179371 25.2182 0.195234 24.5389 0.174584 25.0682 0.180015 24.15 0.159744 
23.8882 0.162464 24.373 0.161996 24.8169 0.163104 24.57 0.183832 24.3016 0.190192 24.8994 0.166283 24.7323 0.179152 
24.6706 0.188359 25.2954 0.159074 0 0 24.9209 0.178598 24.771 0.17427 24.4163 0.143901 23.7376 0.185629 
24.8129 0.145033 25.3353 0.160474 0 0 25.446 0.191109 25.4304 0.174779 24.8116 0.197757 24.4095 0.164888 
25.3282 0.241853 24.9826 0.161323 0 0 24.4877 0.174279 24.7171 0.148232 25.0049 0.147695 24.7491 0.189835 
24.7089 0.159233 24.9546 0.173158 24.7292 0.177114 24.6933 0.1985 24.9851 0.151347 25.6445 0.1705 24.2059 0.185175 
24.704 0.140998 25.0061 0.153246 24.506 0.164947 24.8347 0.152638 24.2341 0.170634 24.5949 0.173632 24.5606 0.141983 
25.7526 0.195734 24.8107 0.17546 24.487 0.159475 24.8803 0.182383 24.4711 0.166735 25.175 0.169392 25.0991 0.198942 
25.5072 0.16316 25.0116 0.132456 24.6137 0.160699 24.511 0.157449 24.7151 0.158804 24.639 0.169827 23.9037 0.157658 
24.7947 0.1426 24.7648 0.171315 24.5418 0.143724 24.5397 0.160459 25.1177 0.17906 24.5735 0.192902 23.8797 0.213803 
24.4308 0.149279 24.6744 0.170808 24.8937 0.170215 25.3356 0.190628 25.0325 0.155363 24.4754 0.149262 24.052 0.16224 
25.0986 0.178702 25.1254 0.178392 25.4933 0.175425 24.6809 0.177649 26.2315 0.194825 24.5091 0.163249 25.7823 0.190046 
25.0726 0.179282 24.8653 0.203051 24.9644 0.197324 25.5013 0.18369 25.4549 0.167198 24.8519 0.193438 25.8635 0.224447 
25.653 0.284646 25.5947 0.239157 25.7325 0.229609 25.7576 0.263826 25.3076 0.251829 24.6114 0.216402 25.235 0.290623 
