0 5.37576 0.217839
1 5.3387 0.164292
2 5.59694 0.143146
3 5.69469 0.15725
4 5.73529 0.171452
5 5.87269 0.176182
6 5.40139 0.167973
7 5.49871 0.176722
8 4.92975 0.16724
9 5.91292 0.186019
10 6.02841 0.172447
11 6.24151 0.16795
12 5.98455 0.1947
13 5.98246 0.17986
14 5.51015 0.17921
15 6.02874 0.176458
16 5.74032 0.159457
17 5.51038 0.186106
18 5.50599 0.187623
19 5.95936 0.163384
20 5.06545 0.306526
21 5.95541 0.158551
22 5.96398 0.168643
23 5.74492 0.16121
24 5.93623 0.1674
25 5.75132 0.177942
26 5.89979 0.173432
27 6.12861 0.171176
28 6.14751 0.19463
29 6.2063 0.179792
30 5.99345 0.166234
31 6.06984 0.169198
32 5.6252 0.185811
33 5.82229 0.1723
34 5.91876 0.17636
35 5.37726 0.158321
36 5.83297 0.164179
37 5.70349 0.15403
38 5.66952 0.205109
39 5.97232 0.180609
40 6.26709 0.152708
41 6.09991 0.135423
42 6.23687 0.187388
43 5.93104 0.155424
44 5.63175 0.153906
45 5.51167 0.158809
46 5.54692 0.144353
47 5.76174 0.183889
48 5.81057 0.128872
49 5.83474 0.129703
50 5.96755 0.138634
51 5.48491 0.202627
