24.5929 0.278347 24.4036 0.267955 24.7612 0.252587 24.8909 0.218033 24.9743 0.248406 24.6895 0.24827 25.1713 0.340434 
24.4669 0.163021 24.3504 0.153231 25.2753 0.168184 24.0998 0.138633 23.8281 0.141873 24.4972 0.166254 23.9257 0.144384 
23.9783 0.164688 24.3175 0.149956 24.5893 0.167297 24.0927 0.14045 24.7695 0.15235 25.1471 0.167289 24.1772 0.160481 
23.8502 0.161617 23.372 0.159775 24.3389 0.126582 23.0085 0.126164 23.1997 0.150028 23.1643 0.137491 22.4052 0.134131 
26.6343 0.157771 25.4723 0.170854 25.9863 0.173377 25.4806 0.172812 25.5296 0.176633 25.2284 0.137278 24.7846 0.174132 
24.3013 0.129101 23.9189 0.15449 23.8818 0.139494 23.0208 0.154786 23.1087 0.168942 23.7048 0.144716 23.7487 0.143998 
18.5819 0.118082 18.2933 0.11227 18.5204 0.108648 17.9322 0.119533 18.4532 0.134816 18.7025 0.130353 18.1947 0.117207 
18.7267 0.111159 17.3694 0.107794 18.0904 0.125358 17.2784 0.106463 17.6895 0.091639 17.3778 0.113004 17.5125 0.121694 
25.8907 0.167563 24.5862 0.161123 26.2757 0.135737 24.3729 0.178671 25.369 0.182937 26.2081 0.175386 25.8711 0.156042 
25.4747 0.160049 23.9883 0.156101 24.3238 0.141171 24.441 0.158759 24.5437 0.17127 24.2275 0.16178 23.6551 0.142681 
24.9391 0.159211 25.0573 0.147493 25.2648 0.175188 25.1444 0.174272 24.9414 0.163659 25.0294 0.169706 25.5737 0.16052 
25.2288 0.163053 24.1256 0.152085 24.8115 0.145173 24.6893 0.141496 24.9318 0.154858 24.1795 0.189191 24.7941 0.18438 
25.967 0.172942 24.5464 0.166847 25.7113 0.169723 25.6344 0.143181 25.6955 0.183853 25.3244 0.167717 25.9964 0.161411 
24.7129 0.139006 25.1218 0.154935 25.2017 0.160337 24.0161 0.152494 23.6049 0.148889 25.4473 0.160382 23.7133 0.139224 
25.3172 0.164858 24.6676 0.160209 26.4802 0.164172 25.0339 0.167124 25.7903 0.188551 26.1406 0.152334 26.4863 0.175654 
25.0211 0.135851 24.0692 0.148382 23.7433 0.153301 23.1605 0.146927 23.6279 0.161976 24.1612 0.132489 23.6765 0.169444 
25.2542 0.141842 24.7671 0.158845 23.9644 0.153627 24.7757 0.173083 25.7442 0.166185 25.7888 0.193427 25.8961 0.150786 
24.57 0.142572 24.2818 0.151602 24.0325 0.16578 23.2151 0.15689 23.6312 0.130275 23.7534 0.133414 23.6034 0.162642 
25.0585 0.143898 24.4915 0.158405 24.4504 0.16803 24.0756 0.165299 25.3674 0.139896 25.7113 0.158734 26.1245 0.166086 
24.8266 0.135592 24.3691 0.137802 23.6493 0.133935 24.7453 0.1406 24.8811 0.162191 24.1091 0.167958 22.8221 0.118641 
24.8928 0.169935 24.4003 0.160112 25.2856 0.155093 23.5469 0.156673 25.45 0.160322 25.5037 0.167183 24.994 0.163943 
24.5524 0.143026 24.2317 0.129304 23.575 0.141435 23.1044 0.137327 23.9327 0.141993 24.0042 0.160668 22.7571 0.136093 
24.7407 0.133113 23.518 0.153538 27.7706 0.156069 23.714 0.141173 24.9623 0.16213 24.7316 0.168424 24.7599 0.146531 
24.0741 0.134411 22.064 0.132643 23.4056 0.124371 23.2089 0.14821 23.5603 0.149592 23.0426 0.119112 21.9352 0.130454 
24.2651 0.158303 23.8601 0.162974 24.5589 0.159447 24.0389 0.148779 24.9789 0.181591 25.6976 0.169364 25.6567 0.174212 
24.0081 0.153931 24.2981 0.167735 23.3411 0.151862 24.4311 0.158117 22.6043 0.131272 23.0695 0.151704 22.6659 0.155154 
24.0957 0.218593 22.4271 0.249044 23.2882 0.192762 22.5042 0.19507 22.6725 0.215326 20.4296 0.173285 20.2081 0.212186 
