24.5165 0.379826 25.4031 0.312087 25.7494 0.315742 24.3069 0.3198 24.3271 0.313202 23.0309 0.35308 27.2344 0.708554 
22.8648 0.211754 22.5455 0.175625 23.5194 0.240258 23.0341 0.148729 24.3576 0.198681 24.9529 0.262729 13.9178 0.113302 
22.5527 0.211215 24.2479 0.207059 23.4209 0.194851 22.6372 0.167731 23.7296 0.181661 22.7271 0.209815 24.0377 0.227824 
22.9992 0.238629 22.3724 0.206552 24.9611 0.178592 21.9887 0.159143 24.5339 0.214913 24.6898 0.203334 20.8936 0.157961 
24.0265 0.215825 25.3403 0.221579 27.0118 0.235651 24.9517 0.262652 25.4087 0.241227 24.5567 0.171696 17.2135 0.139061 
23.7401 0.171075 23.1414 0.20103 22.3561 0.164006 22.5669 0.202102 21.502 0.21242 24.1584 0.192311 22.6847 0.193361 
18.4361 0.167483 17.8107 0.146547 18.1504 0.136777 17.8774 0.153914 18.0365 0.167086 19.311 0.154706 18.6477 0.174876 
19.6867 0.159558 17.829 0.150331 17.2449 0.161462 17.8709 0.147219 17.2157 0.129601 16.4308 0.137232 16.5547 0.173142 
25.0822 0.231601 23.186 0.221958 26.4307 0.198723 23.3498 0.222035 23.7207 0.195228 25.4372 0.241669 24.7988 0.231566 
24.7393 0.198697 24.5602 0.199506 22.5747 0.19699 25.0011 0.207385 23.8915 0.210397 23.4471 0.200237 22.8172 0.173582 
24.088 0.266269 25.0924 0.196992 24.1209 0.218484 23.3046 0.199976 25.9757 0.197017 25.2244 0.208862 24.7056 0.262975 
25.0338 0.244378 23.7958 0.204126 25.4019 0.210812 23.5462 0.186865 24.2938 0.202949 23.6461 0.245577 23.4864 0.217361 
25.1138 0.261388 23.5318 0.203854 25.2061 0.200948 24.141 0.197062 26.2922 0.271966 24.5535 0.219922 26.0479 0.250425 
24.5236 0.183858 25.6678 0.211347 24.416 0.202223 23.8315 0.186742 23.2269 0.213528 24.2617 0.202806 23.4335 0.223773 
24.9973 0.201149 25.0883 0.18176 26.702 0.222278 24.8549 0.204579 25.3372 0.26241 26.2146 0.220492 26.1166 0.245477 
25.3804 0.176877 29.3597 0.291683 24.0656 0.220004 22.5863 0.194297 24.3615 0.221286 23.7856 0.168494 24.2075 0.277499 
25.3724 0.197722 24.5703 0.212945 23.6277 0.212011 25.3598 0.235774 25.1316 0.204618 24.5342 0.298113 26.6016 0.220506 
23.379 0.187459 24.0943 0.202174 22.7245 0.208167 23.4718 0.204146 23.3524 0.164311 23.0046 0.175162 23.1894 0.188124 
25.1611 0.223802 25.0454 0.203135 26.1926 0.235821 23.7026 0.207795 24.926 0.205131 24.5245 0.207508 25.5718 0.258839 
25.5575 0.190413 24.5907 0.180158 23.2905 0.165232 25.5022 0.188136 24.1957 0.222501 23.9569 0.257384 22.2505 0.150884 
23.3619 0.197256 25.4255 0.220892 23.9576 0.197489 24.3039 0.19434 24.5809 0.178127 24.6306 0.224799 23.859 0.199358 
24.7692 0.227724 24.6169 0.174594 22.4754 0.179445 22.8594 0.187721 24.2479 0.180382 23.1923 0.199254 22.4137 0.177539 
24.3983 0.176947 23.1827 0.188854 27.4215 0.219693 23.3983 0.180419 24.0325 0.206192 26.0451 0.239451 24.6895 0.191753 
23.2331 0.164658 21.7776 0.177946 24.5444 0.199911 24.6655 0.214756 25.0695 0.192393 22.7978 0.16075 22.327 0.177874 
24.5412 0.220534 25.1462 0.199604 25.5916 0.221059 25.4192 0.234369 25.8827 0.271942 25.8799 0.272667 25.5588 0.229685 
24.2603 0.227773 24.882 0.250279 24.8257 0.237207 25.1224 0.260152 23.3158 0.188964 23.1295 0.233056 22.5303 0.230972 
24.8383 0.351995 23.41 0.356968 23.5672 0.275344 24.0977 0.294133 24.2119 0.324445 21.4979 0.24965 21.1224 0.27734 
