14.9897 0.178476 
14.9439 0.169683 
14.8239 0.100664 
15.0453 0.161456 
14.3303 0.0982893 
14.239 0.114668 
14.0263 0.0849521 
13.843 0.105329 
14.0899 0.0959398 
13.9202 0.103631 
14.3335 0.10465 
14.2734 0.129107 
14.0052 0.0951227 
14.7529 0.127023 
14.2793 0.0890277 
14.2208 0.1272 
14.6039 0.0933467 
13.9359 0.105738 
14.2569 0.0890464 
14.4337 0.108819 
14.1756 0.12652 
14.2905 0.118823 
14.4468 0.0909277 
14.1055 0.143859 
14.2002 0.102318 
13.8832 0.141215 
14.3742 0.0909242 
14.3364 0.123078 
14.3145 0.0883032 
14.3994 0.125002 
14.3782 0.100962 
14.2913 0.110939 
14.2794 0.0978597 
14.0483 0.115469 
13.8927 0.0912381 
13.9336 0.10347 
13.6761 0.0799059 
14.2243 0.117621 
14.0528 0.100585 
14.2532 0.105298 
14.6247 0.0982183 
14.4265 0.105987 
14.0503 0.0914704 
14.356 0.0987983 
13.9431 0.0848703 
14.5157 0.103055 
14.0333 0.0965636 
14.5343 0.110279 
14.0486 0.0862713 
14.5835 0.112528 
14.0187 0.114821 
14.2308 0.117229 
