19.2896 0.34586 
22.4084 0.362485 
19.4605 0.18018 
23.3708 0.408869 
24.9167 0.218507 
19.8989 0.209169 
25.227 0.189424 
19.3567 0.237175 
25.2358 0.211148 
22.904 0.210009 
25.0011 0.212613 
25.1467 0.27284 
30.011 0.262988 
19.874 0.224834 
22.582 0.18429 
25.2608 0.281321 
27.8224 0.239516 
25.4437 0.257699 
23.278 0.187051 
25.5249 0.251814 
25.2124 0.345109 
25.0157 0.300409 
24.7155 0.183492 
26.0964 0.251664 
22.2114 0.207746 
26.2888 0.297737 
26.7383 0.218734 
23.7015 0.249122 
22.4361 0.18051 
25.9005 0.28334 
25.6587 0.228358 
23.032 0.245849 
25.9208 0.219294 
22.0189 0.215517 
24.8204 0.195712 
25.0208 0.233112 
22.765 0.167473 
25.9895 0.304967 
26.4181 0.216367 
22.8574 0.22483 
28.0597 0.211105 
22.6677 0.211583 
22.2743 0.185617 
24.0678 0.217983 
22.9988 0.190994 
24.5725 0.196396 
24.8914 0.189371 
21.8082 0.200068 
25.0075 0.191029 
23.1863 0.233217 
23.6687 0.314681 
27.9573 0.410121 
