19.1081 0.222796 18.3875 0.192742 18.7245 0.20213 18.5193 0.186005 18.5558 0.187725 18.1851 0.224943 19.5135 0.269394 
17.1423 0.139022 17.753 0.129597 17.6461 0.13013 17.382 0.118129 17.6719 0.123987 18.3435 0.136908 10.5948 0.0810458 
17.2062 0.147555 17.9053 0.125492 18.1409 0.143451 17.1938 0.1194 18.5489 0.13411 18.0974 0.147847 18.895 0.153266 
16.8968 0.140054 16.9472 0.129569 18.0696 0.120157 17.0177 0.114979 16.4753 0.121652 16.4473 0.114805 16.1376 0.122593 
18.7815 0.138762 19.0627 0.156206 19.0007 0.128811 18.3881 0.177388 19.2762 0.172171 18.9814 0.149593 12.8813 0.104221 
18.406 0.122061 17.3932 0.13101 17.3158 0.119365 17.2566 0.144607 17.3551 0.16255 17.6423 0.134429 16.4902 0.120457 
13.5193 0.114017 13.8699 0.0992327 14.1889 0.115188 13.6314 0.104464 14.0767 0.136015 14.7048 0.106304 13.7169 0.102643 
13.7987 0.097936 13.1287 0.0953179 13.7668 0.105614 12.7605 0.0885083 13.6093 0.0874475 13.6017 0.115068 12.9588 0.119337 
18.754 0.134445 17.8142 0.152658 19.0379 0.137723 17.8967 0.166173 19.5736 0.15538 18.6958 0.169109 19.4111 0.137963 
19.2324 0.130825 18.5923 0.133377 17.9657 0.139029 17.9716 0.132771 18.3587 0.134561 17.2532 0.141405 17.9799 0.134984 
18.9269 0.139684 18.79 0.139907 19.234 0.147162 18.7676 0.153789 19.4128 0.140905 18.943 0.139084 18.9902 0.145108 
18.4247 0.152327 18.3344 0.141474 18.5003 0.130763 17.7916 0.115581 18.8015 0.144944 17.8795 0.161702 17.983 0.155237 
18.6948 0.148398 18.7878 0.169239 19.5652 0.145853 19.2889 0.146698 19.1083 0.144609 19.0243 0.15784 19.1152 0.152538 
18.9207 0.109947 17.9241 0.127394 18.7881 0.138215 17.8843 0.1351 17.7494 0.129623 19.1002 0.147533 18.2197 0.127422 
19.3835 0.151532 18.5204 0.127322 19.8595 0.135123 18.2078 0.135916 19.2752 0.150469 19.8662 0.142372 19.6991 0.151785 
18.6635 0.120822 24.7635 0.179045 18.2707 0.145748 17.9058 0.129599 18.0027 0.151739 18.0149 0.114765 17.3354 0.140212 
18.4935 0.136566 18.3529 0.142475 18.5631 0.144267 18.9811 0.146221 19.137 0.14526 19.4432 0.164588 18.7125 0.128564 
18.5585 0.134747 17.5987 0.117593 18.4145 0.134192 16.886 0.141796 18.1858 0.121282 17.4719 0.114357 17.3423 0.148421 
18.6067 0.131107 18.9781 0.138064 18.5165 0.144089 17.832 0.136685 19.4779 0.139482 19.414 0.148737 19.5766 0.147175 
19.0275 0.122181 18.0174 0.121763 17.5031 0.118875 18.5218 0.126855 18.1633 0.145244 17.7071 0.143193 17.2155 0.109646 
17.9215 0.133049 18.3107 0.135796 18.8361 0.136892 17.4869 0.136779 19.6003 0.147537 18.8553 0.145476 18.2029 0.130707 
18.3077 0.12422 17.585 0.105052 17.3623 0.123107 16.6323 0.118204 18.1812 0.119993 17.8251 0.140384 16.9585 0.123202 
18.2801 0.119367 17.8596 0.132258 21.2184 0.140733 17.7647 0.123409 18.7718 0.134205 18.3139 0.155766 18.1132 0.118445 
17.7649 0.11369 16.891 0.122975 16.5501 0.113636 15.9748 0.137047 17.173 0.119053 17.5461 0.10964 16.1413 0.118425 
17.1861 0.14271 17.1104 0.135512 17.093 0.129556 17.2347 0.134328 17.7434 0.156559 17.8519 0.134417 17.379 0.143425 
16.9921 0.133194 17.2691 0.154752 16.8559 0.14091 16.9629 0.146085 15.6944 0.114248 16.0627 0.141891 15.515 0.139359 
16.6242 0.163335 16.2616 0.192908 16.3921 0.168569 15.2737 0.171395 16.297 0.180324 14.7094 0.158155 13.7588 0.148975 
