24.5716 0.249909 16.8341 0.171818 19.2077 0.208298 16.9644 0.153454 20.7088 0.192402 25.8767 0.26106 29.2335 0.442128 
19.9414 0.146101 19.7225 0.118531 20.8388 0.13986 19.0855 0.103594 17.4788 0.104319 15.031 0.102558 19.0998 0.118107 
17.8745 0.115152 16.5859 0.101838 16.4881 0.10004 19.4003 0.130269 16.5598 0.108265 17.5897 0.129273 16.2712 0.10288 
22.1376 0.140739 15.1602 0.103631 20.6443 0.114774 15.905 0.0830206 14.9218 0.0965682 18.695 0.113796 14.927 0.0918183 
20.2027 0.113411 17.0635 0.111562 21.9938 0.157457 19.9795 0.155437 20.3928 0.145091 19.2613 0.102599 16.9611 0.117858 
20.1978 0.110639 17.5171 0.111326 17.5115 0.104554 16.7279 0.117827 13.8136 0.0977327 19.2568 0.109827 16.8644 0.100164 
12.3259 0.07667 15.4539 0.0870651 12.0767 0.0825981 12.6182 0.0917444 13.1197 0.100279 14.1586 0.0913888 13.6976 0.0909718 
13.9235 0.0838109 12.0329 0.0834106 14.7461 0.103469 11.4141 0.0780342 13.8964 0.0770922 18.5412 0.128886 14.2424 0.103131 
20.6008 0.130758 16.3922 0.098955 18.4419 0.103599 18.1261 0.141621 19.2997 0.129445 21.038 0.1365 21.6401 0.126471 
19.6117 0.119431 28.6086 0.185489 20.9041 0.163252 18.4245 0.124664 19.6909 0.124711 15.5415 0.0954579 16.9738 0.100715 
17.7814 0.111061 17.2906 0.107636 15.2494 0.096725 20.8374 0.139954 20.0045 0.124489 17.6788 0.111904 20.5888 0.137677 
19.0135 0.137634 17.9521 0.11559 18.5277 0.12061 17.68 0.103959 18.5427 0.12725 18.7391 0.15784 18.5503 0.137519 
18.6971 0.132437 19.3146 0.132137 19.8394 0.124867 17.4595 0.106554 18.0776 0.12219 20.4851 0.142223 22.694 0.139162 
16.9509 0.0868659 18.1913 0.108701 17.4189 0.114696 20.373 0.125992 16.7842 0.103277 18.1645 0.118116 15.0742 0.0829945 
20.2935 0.129528 19.3414 0.118887 20.1816 0.125969 18.6944 0.131725 20.926 0.130131 19.7488 0.12255 22.2999 0.152468 
19.3606 0.111548 17.6126 0.103799 18.5256 0.125812 18.0241 0.112419 18.1278 0.121079 17.9113 0.101622 17.8084 0.121566 
20.2674 0.105763 19.4163 0.126464 18.9976 0.130525 19.1101 0.137365 20.8365 0.121844 19.6792 0.140806 18.3004 0.118883 
21.2936 0.11149 18.4536 0.111756 19.1882 0.125304 18.6712 0.115015 16.9797 0.0855263 17.4452 0.0986336 18.2805 0.117715 
19.7239 0.117616 19.5342 0.12017 19.1283 0.135479 18.298 0.11971 19.0886 0.109133 19.2798 0.135209 19.8809 0.13143 
18.5466 0.105043 16.9243 0.105112 18.7092 0.103512 18.4447 0.103115 18.3375 0.123795 17.9092 0.125467 17.3104 0.0851253 
19.6614 0.129456 16.5155 0.106111 18.1267 0.119615 16.8412 0.108314 18.3989 0.109313 19.8054 0.12799 18.3783 0.125736 
19.3764 0.111414 18.6031 0.100972 16.3813 0.0921877 16.8489 0.101342 18.243 0.104026 17.428 0.107999 16.7443 0.0963078 
17.7329 0.100018 17.1995 0.110224 19.8969 0.111096 21.0431 0.11573 21.297 0.138095 19.2196 0.134302 17.1781 0.103465 
16.928 0.0960432 15.9642 0.0954794 16.3289 0.0890034 15.4359 0.0967455 15.6352 0.0909117 17.2219 0.0947974 15.1801 0.0882956 
16.9306 0.108553 16.8084 0.10264 17.8202 0.120331 16.5878 0.116258 18.8945 0.141969 17.8619 0.116745 19.5623 0.137228 
16.0876 0.106386 18.8388 0.130648 16.6282 0.124909 17.2085 0.119386 15.511 0.0924008 15.2178 0.107647 17.1802 0.130288 
12.3726 0.116562 12.5377 0.126878 11.6099 0.106469 12.2361 0.118029 13.9686 0.135769 11.0376 0.106357 16.2972 0.165242 
