14.0771 0.147736 11.8454 0.128913 12.8589 0.160752 13.2141 0.109424 14.0672 0.123228 14.184 0.130807 11.6787 0.184332 
12.8883 0.0838449 12.7504 0.117429 12.3366 0.0811384 12.3913 0.072812 11.8748 0.0734839 12.7022 0.0885977 13.623 0.0808054 
12.6316 0.0853017 12.2615 0.0798415 13.824 0.0846754 13.5054 0.0706079 13.9386 0.0853918 13.1127 0.0870196 12.7532 0.0809963 
12.1769 0.0796328 12.5001 0.0726274 12.1281 0.0597207 12.3927 0.0717035 9.78221 0.0603647 10.293 0.0624602 12.5064 0.0716721 
14.3981 0.0828626 13.8575 0.0869669 12.19 0.0947913 13.2693 0.101678 12.964 0.0892434 14.0311 0.090058 13.4631 0.0817726 
13.1755 0.0672601 12.076 0.0755298 13.5244 0.0768548 12.7423 0.0924997 13.2543 0.0917441 12.1443 0.0741133 11.6611 0.0686782 
10.1462 0.0568439 10.1413 0.0588207 10.5996 0.0590487 9.95669 0.0627337 10.2462 0.0727089 10.635 0.0597778 9.71699 0.0622156 
9.32722 0.0544219 9.70975 0.0569157 10.086 0.0679282 8.36017 0.0563299 10.1161 0.0551906 10.3738 0.068828 9.1266 0.0657433 
13.4765 0.0789533 13.8352 0.0989016 13.2842 0.075519 13.0098 0.0988738 15.3849 0.098705 13.5194 0.0927545 14.3822 0.0797601 
14.123 0.0797304 12.5847 0.0732754 13.934 0.0769326 11.8758 0.0716536 12.6727 0.0772222 12.8152 0.0831312 13.7544 0.077209 
14.2711 0.0823013 14.5859 0.0890102 14.6917 0.0878213 13.6928 0.089499 13.195 0.0708989 13.7465 0.0904528 12.6481 0.0828818 
12.7413 0.0777252 13.9919 0.0833687 12.9749 0.0674364 13.3969 0.0707001 13.472 0.0856516 13.4204 0.108748 13.2469 0.104461 
13.0608 0.0827508 14.4546 0.0918588 14.4 0.0916784 14.6503 0.0775135 12.9388 0.0768022 14.0342 0.0873484 13.2767 0.0767417 
14.2605 0.0746582 14.489 0.129743 14.0248 0.0813262 12.3329 0.0782746 13.4321 0.0760138 14.087 0.0809967 13.4492 0.0716127 
14.4924 0.0843083 13.2514 0.0706441 13.6077 0.0795151 12.5353 0.0826537 14.4792 0.0900543 13.7602 0.0845236 13.7713 0.0836337 
13.642 0.0702223 13.9234 0.085782 12.7032 0.0797997 13.6503 0.0979264 12.5012 0.0809733 13.2212 0.065637 11.5836 0.0784004 
12.8681 0.0714237 13.4429 0.0799494 13.6864 0.0787462 13.3215 0.0894697 14.4856 0.0816956 14.6312 0.0968074 12.9388 0.0746033 
14.1382 0.0841841 12.5873 0.0698778 13.9977 0.0870034 11.5116 0.0674981 13.2719 0.06811 12.9682 0.0651108 12.9221 0.0780818 
12.6288 0.0808114 13.5973 0.0766946 12.1976 0.0773495 13.1737 0.0800627 14.247 0.0729229 14.3085 0.0837264 13.1155 0.0777874 
13.8531 0.0702173 12.6098 0.0627463 12.2673 0.0739094 12.5162 0.0778928 12.6356 0.0773574 12.3286 0.0823661 12.2993 0.0636685 
12.7974 0.0912912 11.8299 0.0746499 14.2278 0.0803156 12.1226 0.077713 14.8724 0.08406 13.2969 0.0770323 12.9965 0.0877444 
12.2654 0.0755041 12.3756 0.0598348 12.2124 0.0688144 11.8265 0.0708748 12.3242 0.0757991 12.9641 0.0836363 11.611 0.0679856 
13.1802 0.0699477 11.9532 0.0719622 14.821 0.0806728 12.4058 0.0737672 13.5583 0.0812441 11.8592 0.0765685 12.2109 0.0761192 
12.1117 0.07217 12.0872 0.0717326 10.3389 0.0587715 9.95267 0.0658399 10.0526 0.056566 12.5705 0.0777586 11.0784 0.0677845 
10.8688 0.0751458 10.4445 0.0673892 10.5488 0.0682936 10.2987 0.0663197 10.8999 0.083932 11.0078 0.0688651 11.3301 0.0801375 
10.159 0.0673446 10.1595 0.0841383 10.3617 0.0747737 10.3626 0.0720729 10.2538 0.0602222 9.89035 0.079396 9.66904 0.10754 
10.0618 0.0938377 9.55287 0.112516 9.48445 0.0921649 9.50093 0.0866373 9.72002 0.0978688 8.84714 0.0831401 8.54528 0.11936 
