26.5959 0.275497 17.7716 0.168367 20.3239 0.200076 18.118 0.150047 21.4532 0.190307 26.5535 0.24816 30.192 0.363731 
21.5313 0.140073 21.0223 0.126213 22.1197 0.138712 21.1038 0.114422 19.1871 0.109237 15.6534 0.106301 20.3479 0.121936 
19.4369 0.121508 17.8643 0.104022 17.3303 0.105589 21.6725 0.118133 17.4825 0.110789 18.6512 0.123804 17.5807 0.116408 
24.3639 0.14921 17.5455 0.113292 22.9513 0.121394 18.4025 0.0950996 17.2165 0.112325 22.0645 0.133703 16.7742 0.09725 
20.0234 0.107923 17.8345 0.117029 22.3285 0.144641 20.8723 0.152284 20.4527 0.131583 19.4862 0.126183 17.5036 0.118347 
21.3581 0.116183 20.0221 0.11965 19.6326 0.112785 19.0778 0.128355 15.3713 0.107514 21.3591 0.118543 18.9347 0.116057 
17.5173 0.102912 22.3523 0.12394 16.6508 0.101217 18.6235 0.117224 19.2204 0.1277 20.0519 0.110157 19.0031 0.123861 
19.8174 0.118235 18.1196 0.100954 21.5007 0.128754 17.294 0.119875 20.4133 0.108402 27.2979 0.17851 20.6596 0.139746 
20.9351 0.143086 17.5914 0.105376 18.9288 0.0985216 19.5092 0.133934 19.2719 0.123406 21.2859 0.141474 21.8515 0.120452 
20.3092 0.128019 30.8809 0.21993 23.436 0.140723 19.696 0.124491 21.411 0.131144 16.9264 0.111507 19.1973 0.108418 
18.8484 0.110927 17.6916 0.103778 15.3772 0.087945 21.1444 0.136925 20.4566 0.116363 18.0305 0.106723 21.4527 0.131063 
20.4028 0.127105 19.2816 0.112861 19.6452 0.109577 18.6062 0.112632 19.9897 0.125135 20.6832 0.138526 19.8647 0.136127 
19.6315 0.125699 19.5301 0.134174 20.2002 0.118216 18.0792 0.100814 18.798 0.115745 21.5261 0.139655 22.636 0.136632 
17.8748 0.0922624 25.5128 0.155508 17.9183 0.106932 22.6519 0.159273 18.93 0.110457 19.3442 0.117522 16.6051 0.0862893 
19.9645 0.138955 20.3519 0.108172 19.3664 0.115357 20.1396 0.128138 20.4937 0.132846 19.7649 0.115884 22.289 0.145258 
20.0265 0.106198 19.5671 0.117258 20.5721 0.134606 20.0695 0.122074 20.1644 0.124788 19.7296 0.101459 19.8123 0.143256 
20.9933 0.115463 21.014 0.127635 20.7754 0.123751 20.0335 0.130413 21.0915 0.121928 20.1484 0.135067 18.9109 0.11969 
22.3193 0.125678 20.5369 0.122414 20.8336 0.131029 21.3271 0.126616 18.9548 0.0942601 19.8724 0.102737 20.0873 0.125172 
20.6888 0.113299 20.5471 0.123744 20.0468 0.12289 20.0509 0.121743 19.8581 0.107429 20.2938 0.137848 20.1126 0.129802 
19.1808 0.0899401 18.6311 0.096221 20.6012 0.113062 19.9024 0.107102 20.1491 0.120563 19.3809 0.124203 19.4555 0.0975367 
20.6342 0.136712 17.9799 0.110148 18.7136 0.104318 18.296 0.111664 18.9057 0.103289 20.398 0.128582 19.2347 0.118 
21.0266 0.119734 20.2055 0.0962929 18.3484 0.112194 19.1946 0.112817 20.0889 0.103107 19.1065 0.116529 19.2203 0.111402 
19.0674 0.102425 19.3625 0.120211 18.8803 0.101036 22.8906 0.114875 23.1369 0.137936 20.1933 0.132005 18.2444 0.110573 
18.7187 0.096702 17.9466 0.103701 18.7695 0.104824 18.599 0.112028 18.1476 0.0964392 19.4648 0.0981284 17.4796 0.103566 
18.027 0.11631 19.1594 0.119444 19.6232 0.12039 19.0421 0.113013 21.5011 0.144042 19.34 0.125158 20.6101 0.133025 
17.5162 0.112975 21.7599 0.159188 18.7755 0.123848 19.2334 0.126556 18.0581 0.100505 17.9539 0.120683 20.1904 0.156807 
13.9231 0.13103 15.1168 0.134566 13.79 0.117486 14.9466 0.119428 16.9968 0.149787 14.7475 0.130529 22.2172 0.195774 
