29.3709 0.306023 20.18 0.1728 23.8111 0.239338 20.2712 0.163107 23.574 0.204766 29.2181 0.320492 35.9086 1.13196 
23.9977 0.144544 22.6299 0.133937 24.4726 0.167762 22.2834 0.114498 20.9479 0.117295 17.8766 0.11343 21.6768 0.125256 
20.8367 0.13546 19.8941 0.125263 19.1227 0.119388 23.0189 0.12083 18.8753 0.108307 20.417 0.137469 18.6014 0.126992 
25.3605 0.158346 17.3868 0.110336 24.3817 0.116977 18.2054 0.100112 18.7865 0.111392 23.8437 0.151537 17.1303 0.105671 
23.4076 0.130157 20.2507 0.127532 26.7392 0.190449 23.4294 0.15175 23.5372 0.174947 21.7484 0.113771 19.1605 0.118273 
23.0338 0.112601 20.9112 0.128832 19.9403 0.115516 19.3172 0.121866 15.9121 0.113858 22.4064 0.121374 19.9162 0.118075 
14.3428 0.0828764 18.0743 0.107651 14.0283 0.0777326 15.1522 0.0974873 15.5235 0.102815 16.5418 0.0966938 15.5343 0.0987628 
16.5627 0.0908091 14.4136 0.091315 16.6038 0.105938 13.9306 0.0789959 16.0664 0.076637 20.7894 0.133984 16.4187 0.102723 
23.9709 0.144547 19.3563 0.124068 21.5333 0.112443 20.5698 0.14741 21.6949 0.128408 24.5487 0.165531 24.7941 0.131376 
22.3156 0.127466 33.445 0.250113 24.6021 0.154999 22.2447 0.141564 22.9561 0.134179 17.7991 0.104722 19.6876 0.103987 
20.1509 0.122364 19.651 0.121682 17.1642 0.102319 23.1926 0.162855 23.5473 0.138375 20.647 0.127597 23.5031 0.155692 
21.8243 0.131746 20.455 0.124565 21.9324 0.114868 20.4451 0.108516 21.9204 0.131627 22.1358 0.146891 21.4486 0.1256 
21.613 0.142138 21.4983 0.12877 22.2443 0.126819 19.3306 0.107719 21.6587 0.131772 23.4973 0.149972 25.1512 0.158841 
19.6999 0.0933832 21.1965 0.107183 20.1928 0.117069 24.0975 0.141169 19.2034 0.116646 20.6495 0.125075 16.9695 0.0887471 
22.7712 0.16197 22.0104 0.114287 23.5782 0.151058 22.0249 0.143493 23.449 0.159952 22.6679 0.130753 26.0625 0.16314 
22.3667 0.109948 20.297 0.111834 22.2492 0.143636 20.5318 0.130961 21.2885 0.130106 20.9145 0.0983326 21.0093 0.129482 
23.5818 0.127856 23.0261 0.135415 21.8547 0.125869 22.6611 0.143368 23.3531 0.129668 22.5251 0.137725 22.3375 0.137496 
23.461 0.121843 21.6569 0.115116 22.0615 0.136712 22.3275 0.134384 19.4816 0.0963981 20.1733 0.102162 21.5919 0.130944 
23.22 0.123574 22.3694 0.130497 22.6279 0.166295 21.4578 0.136052 21.8887 0.117675 21.8214 0.123259 23.3968 0.14023 
21.5624 0.108465 20.1673 0.107567 21.8931 0.112509 22.169 0.114495 21.5873 0.12928 20.9159 0.126322 20.2158 0.0936294 
22.765 0.139783 19.949 0.110516 20.9189 0.114938 19.7951 0.112392 20.768 0.116759 22.5499 0.129391 21.5082 0.122681 
22.7922 0.127657 22.1127 0.10283 18.8836 0.119032 19.7199 0.103904 21.8762 0.112415 19.9544 0.11575 19.6509 0.106323 
20.9448 0.107816 20.2701 0.124918 22.8463 0.122971 24.3665 0.134197 23.9624 0.136962 22.9946 0.145395 20.1568 0.113773 
20.039 0.10354 17.9876 0.105453 20.0152 0.102162 18.8253 0.105749 19.478 0.0964599 19.9524 0.0967014 17.2984 0.103573 
20.0335 0.125318 21.2882 0.123611 21.943 0.130152 20.4825 0.109514 23.2797 0.143607 22.5767 0.132567 23.8793 0.145281 
19.4852 0.122865 23.4614 0.159409 20.332 0.130829 21.4054 0.138616 18.8585 0.103428 18.9518 0.129221 21.062 0.146899 
14.9169 0.161425 15.8861 0.13961 14.5006 0.110725 15.2561 0.129782 17.4656 0.147819 14.1438 0.123277 19.9143 0.219908 
