12.7894 0.139003 10.1445 0.117882 11.2677 0.141327 11.9808 0.121956 12.0297 0.112779 12.6289 0.131254 10.4147 0.127014 
11.9606 0.0818153 12.0019 0.0820753 10.9347 0.0787122 11.9834 0.070608 11.2971 0.0681606 11.6084 0.0851034 12.5359 0.0899795 
11.7365 0.0844554 10.7077 0.0765473 12.2356 0.0944537 12.8298 0.0780063 12.7059 0.0867214 12.0951 0.0884587 12.0104 0.0792031 
11.6729 0.0840134 12.3151 0.0787477 11.0754 0.0623598 12.2944 0.0717516 8.8425 0.0544691 9.40416 0.0646707 12.2901 0.0860734 
12.2303 0.0775938 12.0892 0.0806355 10.1443 0.0884052 11.7463 0.0914596 11.2926 0.0825581 12.5584 0.0792433 11.9337 0.0820672 
12.0337 0.0742292 11.441 0.0787441 12.742 0.0775388 12.5129 0.0959671 12.6725 0.104082 11.4658 0.0726804 11.0041 0.0711636 
12.5016 0.0768925 12.6211 0.0819517 12.9464 0.0767983 12.3462 0.0917152 12.8691 0.0951767 12.3857 0.0794156 11.9087 0.0804072 
10.9091 0.0748331 12.197 0.0786942 12.617 0.104313 10.7084 0.0911411 12.9128 0.0792178 13.5165 0.106848 11.9553 0.103988 
11.7815 0.0737895 12.897 0.0956853 11.268 0.0648891 12.3464 0.0966322 13.4262 0.0949909 11.8306 0.0857167 12.5576 0.0767754 
12.7475 0.0921005 11.1486 0.0791887 13.0765 0.080453 10.8322 0.0794805 11.852 0.0816905 12.385 0.0856599 12.8855 0.0810761 
12.9966 0.0851992 13.4082 0.0929167 13.15 0.0952613 12.3819 0.0935208 11.8922 0.0667349 11.9779 0.0757885 11.1909 0.0780591 
11.6623 0.0856373 12.9348 0.0846372 11.4432 0.0661991 12.5599 0.0786398 12.5835 0.0844769 12.2797 0.0968991 12.4245 0.0913309 
12.0102 0.0897339 13.1053 0.0873264 12.7984 0.0801746 13.6431 0.083402 11.5321 0.0765894 12.3017 0.0854208 11.56 0.075999 
12.8811 0.0679755 12.0649 0.0766928 12.3929 0.0859878 11.615 0.0750891 12.8484 0.0836386 12.9462 0.082421 12.7409 0.0784665 
13.092 0.0844752 11.5824 0.0716626 11.2019 0.0763523 11.2184 0.0840305 12.718 0.0856094 12.0252 0.0787885 11.6937 0.0813338 
12.1522 0.072916 13.5825 0.0838145 11.9034 0.0815324 13.6982 0.0922084 11.6739 0.0803361 12.2766 0.0628793 11.0375 0.0821623 
11.7724 0.0849789 12.3699 0.0789555 12.8224 0.0861496 11.3381 0.0796618 12.3524 0.0821107 12.5478 0.0854525 11.0491 0.077722 
13.3145 0.0831745 11.7863 0.0725864 13.32 0.0886358 10.9395 0.0727976 12.8076 0.0697707 12.3113 0.0703405 12.2756 0.0865996 
11.4799 0.071736 12.3173 0.0751639 10.8034 0.078497 11.9713 0.0798503 12.6996 0.0777256 12.7142 0.0846363 11.5635 0.0775917 
12.5999 0.0679904 11.8895 0.0708223 12.1499 0.0683357 11.5189 0.0697668 12.1602 0.0794082 11.2657 0.0744138 12.3831 0.0664526 
11.8628 0.0947718 10.6899 0.080695 12.708 0.0834334 11.0988 0.0743664 13.0109 0.0853174 11.6936 0.0730164 11.8255 0.0866977 
11.2498 0.0677168 11.1911 0.0611591 11.8168 0.0759661 11.435 0.0725529 11.5323 0.0697375 12.5702 0.0877739 11.4935 0.0730587 
11.9933 0.0701518 11.5214 0.0789725 12.2257 0.0760167 12.0084 0.0726864 12.5504 0.0883391 10.5124 0.0712462 11.2957 0.0702692 
11.7261 0.0679603 12.364 0.0843394 9.45702 0.0610864 9.40015 0.068132 8.91167 0.0579441 12.3081 0.0733708 11.0783 0.0797143 
9.55594 0.0728834 9.35525 0.0724418 9.08265 0.0739283 9.35373 0.068175 8.99626 0.129372 9.6151 0.0739743 9.76612 0.0721472 
8.93997 0.0784716 8.60284 0.109985 9.27112 0.0801284 9.07234 0.0756088 9.68306 0.0658089 9.35795 0.0757233 9.40257 0.0933506 
9.3975 0.0880543 9.34061 0.0834901 9.04171 0.0838883 9.28241 0.0851096 9.47016 0.0902277 9.57213 0.0795928 9.1119 0.0987723 
