24.2109 0.359753 
23.2811 0.336552 
23.4731 0.163449 
24.6972 0.335865 
24.7274 0.155446 
24.029 0.195986 
27.0268 0.17377 
22.0545 0.177336 
25.3459 0.166162 
25.815 0.192533 
26.0326 0.170588 
27.7912 0.197447 
28.2439 0.197821 
25.3641 0.196308 
26.4052 0.188039 
25.7209 0.204664 
27.6773 0.173194 
29.1444 0.239533 
26.3454 0.154904 
27.6419 0.199292 
25.9702 0.248504 
28.9981 0.258278 
28.0899 0.16321 
27.6686 0.20206 
26.5191 0.160398 
26.7036 0.186848 
26.41 0.188745 
27.477 0.189094 
27.6657 0.188379 
25.4544 0.20622 
26.5526 0.176296 
26.7331 0.203802 
25.9123 0.156811 
25.1689 0.182358 
25.9049 0.158348 
27.8536 0.189008 
25.4059 0.153316 
26.4861 0.210891 
25.7271 0.177777 
25.5244 0.18698 
26.907 0.167551 
25.3688 0.183675 
24.6006 0.158891 
24.8112 0.173044 
24.7769 0.161304 
25.1856 0.16169 
24.6087 0.158039 
24.263 0.169165 
24.8573 0.159122 
24.6611 0.201561 
25.7415 0.20629 
25.8241 0.211163 
