0 5.93587
1 6.46925
2 6.54722
3 6.59037
4 6.37284
5 6.19316
6 6.57147
7 6.07978
8 5.7777
9 5.81585
10 6.65118
11 6.71002
12 6.11237
13 6.07599
14 6.12085
15 6.5043
16 6.75916
17 6.14487
18 6.27759
19 5.93039
20 5.49057
21 6.41298
22 6.01691
23 6.74701
24 6.64624
25 6.03105
26 6.13937
27 6.06338
28 5.65486
29 6.68652
30 6.69217
31 5.91142
32 6.38508
33 6.14054
34 6.42325
35 6.18807
36 6.91443
37 6.31587
38 6.6292
39 5.80262
40 6.72119
41 6.96292
42 6.72432
43 6.82117
44 6.54128
45 6.71016
46 6.5252
47 6.66487
48 7.04739
49 6.82454
50 7.03034
51 6.69918
52 6.76115
53 6.91604
54 5.76023
55 6.6097
56 6.40766
57 6.48643
58 6.72837
59 6.53865
60 5.68144
61 6.50626
62 6.14094
63 6.7904
64 7.06227
65 6.20931
66 7.05946
67 6.53721
68 6.54307
69 6.403
70 6.90062
71 6.63761
72 6.43746
73 6.46967
74 7.24332
75 7.18137
76 6.27943
77 6.80655
78 6.51196
79 6.83325
80 6.91266
81 6.66771
82 7.50771
83 7.12443
84 7.31187
85 6.61621
86 6.6675
87 6.80034
88 6.92723
89 6.82122
90 6.93374
91 6.67653
92 7.77944
93 7.13047
94 6.24616
95 7.13757
96 6.83022
97 6.84538
98 6.82251
99 6.98812
100 7.06418
101 7.43422
102 6.93309
103 6.96887
104 7.26243
105 6.98449
106 6.56371
107 6.86047
108 6.30593
109 7.54837
110 7.14926
111 7.0828
112 7.4664
113 6.33941
114 6.86603
115 7.02733
116 6.51709
117 6.51939
118 7.29083
119 6.37977
120 6.57395
121 6.32866
122 7.01013
123 6.93838
124 6.72453
125 7.28056
126 7.07828
127 7.39146
128 7.09824
129 7.41223
130 6.33132
131 7.24114
132 7.20452
133 7.08249
134 6.951
135 7.33502
136 6.88042
137 7.11182
138 6.8457
139 6.82077
140 6.82428
141 6.96761
142 6.55513
143 7.11272
144 6.4511
145 6.26644
146 6.48889
147 6.87804
148 6.73394
149 6.90697
150 6.90978
151 6.70232
152 6.21084
153 6.66831
154 6.89697
155 6.35613
156 6.68463
157 6.9344
158 6.09196
159 7.00895
160 7.00781
161 6.69418
162 6.39692
163 5.91472
164 6.01983
165 6.02603
166 6.60583
167 6.52377
168 5.62075
169 5.83498
170 5.78965
171 5.90127
172 5.75838
173 5.63269
174 5.49753
175 5.40291
176 5.52069
177 5.7196
178 5.71238
179 5.6581
180 5.67103
181 5.39958
182 6.16346
183 6.12688
184 5.8969
185 6.32341
186 6.2747
187 6.20336
188 6.29399
