18.5611 0.227486 17.652 0.169798 17.8426 0.205512 17.7178 0.177709 17.8751 0.183768 18.1672 0.195548 19.0082 0.254894 
16.4611 0.121692 17.0845 0.118571 16.6647 0.124358 16.6763 0.11028 17.1883 0.111183 17.4028 0.135282 10.2095 0.0952113 
16.7121 0.14094 17.0951 0.120303 17.2774 0.124893 17.0419 0.115396 17.7398 0.131182 17.1024 0.125836 18.0753 0.151297 
16.1145 0.13019 16.6589 0.118492 16.7919 0.104421 16.4102 0.109521 15.0533 0.102125 15.1301 0.106547 15.5903 0.103019 
18.3292 0.126831 18.0976 0.139661 17.6859 0.124746 18.134 0.16002 17.9482 0.148973 18.0497 0.122807 12.3987 0.0994157 
17.4429 0.110444 16.2762 0.115781 16.7943 0.109609 16.4358 0.128286 16.71 0.132392 16.8987 0.11243 15.9844 0.109179 
13.0605 0.114954 13.1897 0.085055 13.4884 0.11688 12.9951 0.0973923 13.5568 0.120959 14.2256 0.10061 13.4612 0.0992803 
13.2231 0.0862255 12.5885 0.0875539 13.064 0.118703 12.0283 0.0882272 12.6846 0.0998495 12.9311 0.122051 12.6839 0.104845 
17.8665 0.124432 17.5195 0.132358 18.1968 0.118211 17.281 0.134098 18.8026 0.141321 17.9436 0.154671 18.4334 0.124161 
17.9369 0.162554 17.0876 0.1174 17.2568 0.122592 16.9269 0.121003 17.1064 0.123666 16.8449 0.123856 17.3169 0.109798 
18.3008 0.137632 18.0609 0.136445 18.2612 0.134844 17.9861 0.148965 18.1261 0.118364 17.7524 0.121713 17.5816 0.126312 
17.5632 0.123611 17.7503 0.123663 17.6229 0.102973 17.0955 0.115337 17.4931 0.139678 17.3407 0.146047 17.1089 0.134445 
17.9852 0.144455 18.2091 0.138836 18.4161 0.159486 18.4035 0.127067 18.0046 0.144964 17.6415 0.140219 18.3213 0.122548 
18.002 0.107132 17.1624 0.109597 17.6942 0.130962 17.1644 0.116943 16.7748 0.110671 17.9106 0.12947 17.3878 0.111566 
18.0988 0.154681 17.4471 0.110571 18.5632 0.119053 17.2532 0.123406 18.757 0.142817 18.6171 0.136185 19.1406 0.13337 
17.8623 0.108192 23.7014 0.179236 16.9332 0.127422 17.4702 0.134001 17.0473 0.124292 17.1358 0.10272 16.5669 0.130665 
17.6278 0.107428 17.5272 0.132974 17.5055 0.122039 17.6737 0.134278 18.5313 0.120777 18.6591 0.144093 18.1127 0.124515 
17.8503 0.116274 17.1966 0.126859 17.569 0.132458 15.8017 0.115038 17.2247 0.10571 17.03 0.109684 16.8754 0.121968 
17.7763 0.115789 17.7696 0.125871 17.427 0.129645 17.1011 0.138772 18.6577 0.128254 18.632 0.147211 18.0948 0.140759 
18.2957 0.126602 17.1446 0.110251 16.9393 0.104447 17.5859 0.113081 17.7239 0.132095 16.6909 0.130113 16.4554 0.0936454 
16.5399 0.129676 16.7335 0.126262 18.0437 0.117785 16.7215 0.121088 18.8964 0.116972 17.5713 0.119958 17.2555 0.12044 
17.1962 0.118188 16.9789 0.0922842 16.35 0.106591 16.1573 0.112507 17.0336 0.102635 17.0088 0.119244 16.0976 0.101284 
17.1816 0.106151 16.9266 0.127713 20.2122 0.123223 17.2953 0.104707 17.913 0.12728 17.3263 0.124239 17.3689 0.108123 
16.7664 0.104154 16.2945 0.114363 15.5774 0.101006 15.2687 0.10547 15.8726 0.101805 16.6676 0.0998767 15.3337 0.104353 
16.4347 0.127943 16.1412 0.123043 15.9244 0.115484 16.1632 0.112871 16.1097 0.133259 16.5817 0.118307 16.9668 0.134628 
16.2556 0.124272 16.4462 0.138785 15.6611 0.118548 15.8522 0.127174 14.9881 0.108586 14.8228 0.118164 14.9565 0.11388 
14.8211 0.163931 14.9477 0.161188 14.9997 0.152364 14.6158 0.150835 15.0415 0.153503 13.0372 0.124233 12.8916 0.133494 
