19.0057 0.255594 
19.3646 0.256561 
20.0005 0.14659 
17.4118 0.20768 
19.0262 0.151014 
19.7804 0.1772 
19.4514 0.153005 
19.4813 0.181356 
19.5284 0.146804 
19.7809 0.190199 
18.5023 0.13392 
19.8253 0.164777 
18.2554 0.144378 
19.5841 0.181487 
18.7997 0.135267 
19.3026 0.158903 
18.1763 0.129111 
19.6399 0.167645 
19.0247 0.1388 
19.1526 0.171914 
20.2199 0.225006 
19.789 0.195347 
18.589 0.13132 
19.0698 0.164013 
18.2692 0.129865 
19.5195 0.17481 
18.5008 0.141389 
19.7411 0.172155 
18.7261 0.153226 
18.5757 0.155556 
18.2405 0.14299 
19.3295 0.177795 
18.6012 0.124776 
19.9892 0.160092 
17.6225 0.12337 
19.872 0.1557 
17.5142 0.123052 
19.4875 0.161105 
18.2892 0.14057 
19.4236 0.160867 
17.4502 0.136464 
19.2736 0.144685 
18.0321 0.140012 
19.5498 0.153851 
18.5179 0.12826 
19.1257 0.157318 
19.0503 0.143113 
19.4655 0.176128 
18.9666 0.129929 
18.4943 0.146344 
18.7421 0.188813 
18.1523 0.177689 
