16.0894 0.206435 
16.0724 0.189092 
16.654 0.10957 
17.0916 0.396284 
17.7521 0.120709 
16.5305 0.142349 
19.1386 0.129645 
15.6224 0.125163 
17.3892 0.112204 
18.0534 0.14999 
18.2765 0.121145 
19.3568 0.182313 
19.3874 0.178032 
17.6588 0.18933 
18.9583 0.129955 
18.6867 0.155466 
19.6737 0.124104 
20.5464 0.161929 
17.989 0.117929 
19.3431 0.170386 
18.1161 0.173951 
20.7616 0.17954 
19.5875 0.137976 
19.4188 0.161393 
18.4325 0.118727 
19.0087 0.160133 
18.8146 0.116914 
19.1909 0.170452 
19.4141 0.123638 
17.479 0.226763 
19.0614 0.134284 
19.1494 0.165675 
18.2873 0.115562 
17.8898 0.128231 
18.2294 0.121654 
19.1289 0.15043 
17.9402 0.112315 
18.8725 0.155556 
18.1728 0.134241 
17.8294 0.150944 
19.3302 0.126787 
18.0618 0.139155 
17.0449 0.107069 
17.297 0.141609 
16.7768 0.1061 
17.7198 0.131394 
17.6705 0.109357 
17.3923 0.14274 
17.3333 0.105026 
17.201 0.12918 
17.3327 0.163812 
18.1571 0.155689 
