0 8.2317 0.197233
1 7.34098 0.138458
2 7.57973 0.161821
3 7.88835 0.157296
4 7.2433 0.162306
5 7.39199 0.190163
6 7.8683 0.20737
7 7.69423 0.105646
8 7.10877 0.0949546
9 7.64849 0.0961593
10 7.56703 0.0935728
11 7.81067 0.0885262
12 7.47972 0.103258
13 7.31617 0.110538
14 7.62745 0.112264
15 7.83029 0.08745
16 8.50216 0.119434
17 7.09685 0.0978203
18 7.63051 0.103685
19 7.84374 0.115729
20 6.94151 0.10329
21 7.3026 0.109371
22 7.24826 0.120453
23 7.48118 0.0734213
24 8.18927 0.0995931
25 6.59929 0.0618666
26 6.84994 0.0609303
27 7.38234 0.105661
28 7.39459 0.0985538
29 8.06872 0.109837
30 6.98031 0.0961632
31 7.14105 0.113848
32 7.5 0.0994318
33 7.03316 0.0918543
34 7.76912 0.109903
35 7.18594 0.0908647
36 7.44502 0.0957448
37 6.8683 0.0981978
38 7.10387 0.116024
39 7.09313 0.131711
40 7.43491 0.0869045
41 8.05878 0.0874396
42 7.87945 0.109159
43 7.30986 0.101484
44 7.61152 0.104302
45 7.56102 0.115182
46 7.6525 0.129622
47 7.33413 0.105631
48 8.47124 0.11298
49 7.28233 0.0755352
50 7.71776 0.101768
51 7.14 0.127979
52 7.10473 0.0914108
53 7.45097 0.0998459
54 6.55524 0.114985
55 7.57238 0.1167
56 6.91953 0.0900411
57 6.81175 0.115163
58 7.20398 0.0856817
59 7.23489 0.118392
60 6.29096 0.127759
61 6.64769 0.1014
62 7.03616 0.0975214
63 7.39354 0.105882
64 7.48857 0.0909819
65 6.65208 0.100252
66 7.3421 0.0858629
67 6.69844 0.0908531
68 7.20285 0.104031
69 7.13632 0.0969512
70 7.43254 0.112112
71 7.17552 0.111229
72 6.62701 0.125019
73 7.30204 0.122431
74 7.66512 0.0912192
75 7.61954 0.102766
76 7.0003 0.088634
77 7.22108 0.0976926
78 7.01976 0.106657
79 6.99524 0.0791094
80 7.33475 0.0911716
81 7.21673 0.100419
82 7.81462 0.129692
83 7.43652 0.128792
84 7.31537 0.107216
85 6.97175 0.118707
86 6.91144 0.101793
87 7.29552 0.111565
88 7.61341 0.0925613
89 6.94711 0.107551
90 7.02353 0.0896783
91 7.21718 0.0866604
92 8.97325 0.101693
93 7.40298 0.113357
94 6.44262 0.0855854
95 7.61786 0.104133
96 6.98117 0.113001
97 7.41237 0.101481
98 7.21012 0.112902
99 7.01904 0.0880384
100 7.38849 0.0867881
101 7.70174 0.100476
102 7.22572 0.117952
103 7.19518 0.10081
104 7.62896 0.10838
105 7.37929 0.0860178
106 6.71377 0.119165
107 7.29865 0.100898
108 6.28607 0.109455
109 7.94232 0.101651
110 7.34443 0.0909134
111 7.14909 0.0921703
112 7.50415 0.0865387
113 6.31393 0.0888502
114 6.70576 0.107857
115 7.49005 0.0968432
116 6.61719 0.0958429
117 7.12942 0.111465
118 7.66086 0.0888057
119 6.75178 0.101609
120 6.85941 0.0829702
121 6.71655 0.117028
122 7.32341 0.085614
123 7.3121 0.0948831
124 6.57978 0.086685
125 7.71805 0.10693
126 7.60913 0.088024
127 7.15451 0.111508
128 7.56108 0.0868287
129 7.78806 0.110545
130 6.69864 0.092968
131 7.99086 0.126306
132 7.94245 0.104069
133 7.24376 0.0925592
134 7.27507 0.0866163
135 7.69683 0.0911098
136 7.24038 0.0788428
137 7.51134 0.107267
138 7.46968 0.101505
139 7.57852 0.0879271
140 7.64383 0.115698
141 7.4667 0.0826817
142 7.30327 0.11082
143 7.57454 0.0941917
144 7.14262 0.111958
145 6.96594 0.0941169
146 7.47971 0.0983333
147 7.62966 0.0930783
148 6.9995 0.0719646
149 7.59671 0.0947881
150 7.54239 0.10634
151 7.10178 0.0857395
152 6.84131 0.107106
153 7.39548 0.0927734
154 7.91091 0.107007
155 7.48712 0.0939605
156 7.54293 0.0919103
157 7.65551 0.0947487
158 6.42177 0.113209
159 7.58259 0.0880434
160 7.904 0.0887615
161 7.79647 0.0951132
162 7.88706 0.111373
163 6.44379 0.058154
164 6.65044 0.0689326
165 6.70887 0.0563325
166 7.50141 0.0935065
167 7.68646 0.0906053
168 6.55246 0.0714194
169 6.65673 0.0642151
170 6.44064 0.0616729
171 6.8172 0.0640161
172 6.18087 0.0751095
173 6.65022 0.0668236
174 6.32051 0.071933
175 6.64838 0.0667424
176 6.39513 0.0691843
177 6.48931 0.0703741
178 6.56024 0.0703069
179 6.59666 0.0632092
180 6.53675 0.0707566
181 6.40857 0.0755357
182 6.93816 0.103881
183 7.06619 0.102549
184 6.63979 0.0900895
185 6.83516 0.0859303
186 6.97289 0.0919396
187 6.96748 0.0924287
188 6.90759 0.108615
