24.4643 0.278546 
25.4249 0.238369 
24.2564 0.206247 
26.3117 0.271389 
26.806 0.194208 
25.383 0.20935 
28.5499 0.194161 
23.5113 0.186981 
27.1905 0.176089 
26.8431 0.19207 
27.1745 0.182104 
29.4073 0.240259 
29.1544 0.204122 
27.1612 0.209678 
28.1169 0.183685 
27.5284 0.204352 
28.8963 0.245661 
30.5015 0.228555 
27.7456 0.174786 
29.1314 0.219862 
27.7648 0.277433 
31.3202 0.268028 
29.2137 0.181366 
29.2457 0.237268 
27.5396 0.167738 
28.2398 0.213584 
28.243 0.188145 
28.999 0.244209 
29.0102 0.188299 
25.5275 0.22006 
28.6346 0.205855 
27.7792 0.261278 
27.5151 0.179538 
26.4772 0.195468 
27.4512 0.177464 
28.852 0.183401 
26.8149 0.158642 
28.1704 0.213872 
27.4749 0.198775 
26.854 0.219653 
28.6825 0.209815 
26.9331 0.207308 
25.796 0.169699 
26.0891 0.204106 
26.2156 0.161934 
26.4422 0.187607 
25.9977 0.164309 
25.6863 0.207576 
26.5676 0.163328 
25.6687 0.196793 
26.7419 0.262673 
26.3402 0.25033 
