15.2242 0.144709 13.9616 0.135244 14.8432 0.174956 14.2441 0.118368 14.3058 0.125758 14.642 0.140765 14.5569 0.205505 
14.4132 0.0937828 14.1911 0.0838624 14.5663 0.0972139 13.5875 0.0732066 13.8495 0.077416 14.4133 0.0963453 14.1761 0.0923725 
13.8425 0.0918852 14.1769 0.0931125 14.7164 0.0918598 13.7367 0.0798351 14.5012 0.0948194 14.5985 0.0998731 13.9051 0.0904393 
13.2973 0.0924976 13.5451 0.0813725 13.9018 0.0761839 13.6047 0.0710183 12.6284 0.0918015 12.6845 0.0801384 13.4494 0.0774077 
15.4 0.089996 14.7225 0.0926472 14.9255 0.109834 14.9017 0.104318 15.3692 0.105655 14.7876 0.0825346 15.1 0.101545 
14.4631 0.083094 13.2102 0.0793323 13.568 0.0798971 13.3293 0.0927585 13.8259 0.103391 13.6475 0.0774657 13.5121 0.0791863 
10.8858 0.0673078 10.5704 0.0652707 11.1789 0.0693448 10.648 0.0722904 11.0745 0.0802079 10.9627 0.0655768 10.9707 0.0757947 
10.6462 0.0611346 10.2178 0.0598841 10.4926 0.0750332 9.87953 0.0687694 10.247 0.0547872 10.2983 0.0749254 10.0036 0.0761431 
14.2988 0.0911284 14.0257 0.0910105 14.7987 0.0820055 14.1716 0.110242 15.1227 0.0977773 14.8021 0.106664 14.9461 0.0894305 
14.6553 0.0927653 14.0805 0.090964 14.0447 0.0894172 13.8645 0.103868 13.6321 0.0835915 13.8039 0.0879888 13.8585 0.0805488 
14.2895 0.094002 14.4251 0.0906896 14.5241 0.0945289 14.1325 0.112139 14.511 0.0922965 15.1764 0.0950713 14.4145 0.0941426 
14.2613 0.0930437 14.0001 0.0960434 14.3047 0.0769972 14.236 0.0806703 14.5524 0.0926517 14.1277 0.0979891 13.6808 0.095498 
14.3094 0.101356 14.7746 0.102143 15.0331 0.0927045 14.6468 0.0881588 15.0175 0.0962579 14.4643 0.0975236 14.6569 0.0929044 
14.5325 0.0749678 16.2379 0.225158 14.4806 0.0878561 13.5445 0.0854393 14.0699 0.0881666 14.3081 0.0898125 13.5896 0.0920221 
14.6012 0.0955754 14.2087 0.0833834 15.0026 0.0908786 14.2995 0.100771 15.0567 0.102916 14.456 0.0963149 14.6824 0.100386 
14.247 0.0731464 13.6508 0.0926673 14.0057 0.0959603 13.6272 0.0862542 14.0492 0.0932943 13.713 0.0722641 13.0159 0.0935431 
13.9544 0.0794855 13.8062 0.0920133 13.6923 0.0891313 14.6595 0.0923113 14.9986 0.096747 14.9825 0.100325 14.6981 0.0877451 
14.0532 0.0785904 13.6617 0.0985256 14.2386 0.102904 12.9813 0.0933022 13.4847 0.0715445 13.4219 0.074622 13.4457 0.0965478 
14.0667 0.0877767 13.9422 0.0924854 14.3587 0.0932167 13.7064 0.100269 14.7594 0.0821317 14.8289 0.0939884 14.7564 0.0967291 
14.4573 0.0775534 13.5031 0.0743042 13.1459 0.103199 13.7573 0.0940382 13.6232 0.0857086 13.5482 0.0991884 13.0265 0.0687265 
14.0985 0.105259 13.5031 0.104733 14.2884 0.0958198 13.4188 0.0891949 15.0429 0.0918122 14.5378 0.09454 14.1193 0.103549 
14.0252 0.0887199 13.723 0.0656899 13.2647 0.0874547 13.0622 0.0763814 13.5808 0.0843141 13.4584 0.0877826 12.5015 0.0758275 
13.8138 0.0786679 13.2039 0.0867113 16.0606 0.0899872 13.3411 0.0732378 13.9815 0.0862446 14.0574 0.0974593 13.701 0.0851248 
13.5872 0.0935199 12.8332 0.0836786 13.1085 0.080705 12.6709 0.0879216 12.8496 0.0877625 13.4764 0.0778757 12.7483 0.0771506 
13.2956 0.0949704 13.2024 0.0962133 13.8438 0.0905399 13.1835 0.0972879 13.2619 0.0972191 13.922 0.0926611 14.0011 0.101114 
13.4814 0.084966 13.2451 0.0973924 13.2352 0.08939 13.1283 0.0969609 12.8319 0.0743459 12.5675 0.0939397 12.5069 0.101472 
13.4091 0.12243 12.5951 0.120398 12.6549 0.115684 12.3146 0.114659 12.4262 0.124815 11.1668 0.105725 10.807 0.151595 
