0 6.22174 0.0846738
1 6.72973 0.0745289
2 6.48806 0.04768
3 6.9751 0.0983127
4 6.57544 0.0478154
5 6.38646 0.0585351
6 6.60354 0.0445932
7 6.46814 0.0583905
8 6.48917 0.0462224
9 6.42976 0.0572798
10 6.55859 0.0484381
11 6.57737 0.0577773
12 6.76069 0.0468691
13 6.57001 0.0664458
14 6.6416 0.0491161
15 6.70618 0.0588261
16 6.64971 0.0440876
17 6.46779 0.0622837
18 6.30502 0.046266
19 6.76223 0.061388
20 6.32207 0.075285
21 6.64671 0.0586792
22 6.55772 0.0446604
23 6.53268 0.0582868
24 6.59198 0.0486133
25 6.59503 0.0567128
26 6.64853 0.0449538
27 6.56589 0.0608583
28 6.22498 0.0502799
29 6.77418 0.0633932
30 6.64662 0.0484423
31 6.5806 0.0574913
32 6.51893 0.0478313
33 6.49575 0.0579049
34 6.535 0.0503775
35 6.30455 0.0564349
36 6.54516 0.0471561
37 6.82798 0.0557753
38 6.41274 0.0553834
39 6.67778 0.0607853
40 6.68898 0.0464999
41 6.61512 0.0496671
42 6.47678 0.0559573
43 6.49105 0.0552707
44 6.34627 0.0452373
45 6.59842 0.057919
46 6.5254 0.0431126
47 6.5909 0.0618884
48 6.55903 0.0422373
49 6.61709 0.0565164
50 6.4664 0.0663396
51 6.45657 0.0643481
