16.6029 0.187572 15.0389 0.142452 15.4884 0.149488 16.1704 0.152182 15.998 0.143849 16.1619 0.164078 16.8414 0.20174 
14.4638 0.0987406 15.3105 0.096531 14.5052 0.11169 14.7284 0.0885006 14.7223 0.0843998 15.1745 0.10214 9.10201 0.0912392 
14.4616 0.10303 14.4537 0.0900331 15.5931 0.0980575 15.3656 0.0898325 15.7785 0.0955492 15.5475 0.112155 16.305 0.119788 
14.3201 0.105315 14.7657 0.0986869 14.6798 0.0834866 14.3927 0.0809209 12.243 0.0821353 12.4358 0.0800347 14.0858 0.0946456 
16.5575 0.0944063 15.995 0.0991987 15.1381 0.0946918 15.7448 0.107622 15.8569 0.112508 16.188 0.0898783 11.1035 0.0883266 
15.704 0.0877426 14.0863 0.0877132 14.934 0.0895611 14.5678 0.0973591 15.1644 0.117322 14.6618 0.0888898 13.6949 0.0863618 
11.8354 0.0765147 11.5118 0.0748674 11.8797 0.0777392 11.3883 0.0804372 12.2996 0.0958621 12.4947 0.087059 11.7886 0.0911263 
11.1423 0.0661159 11.1083 0.0696085 11.5182 0.091215 10.0722 0.0775146 11.3484 0.0650943 11.5504 0.0813898 10.838 0.0911384 
15.4293 0.103068 15.6679 0.116427 15.6061 0.0860064 15.0777 0.109371 16.9995 0.115628 15.4624 0.107576 16.3722 0.0984127 
16.275 0.0998033 15.1162 0.0951444 15.462 0.0997566 14.1562 0.0933359 14.8567 0.0932191 14.3446 0.0985728 14.9553 0.0853002 
15.9392 0.0950396 16.0956 0.0939083 16.4106 0.107028 16.035 0.118456 15.3449 0.0895609 15.8268 0.100443 15.1242 0.0977982 
15.0225 0.0998592 15.5844 0.100597 15.251 0.08899 15.0368 0.0883858 15.5551 0.103421 15.063 0.120044 14.9875 0.106873 
15.6284 0.108106 16.1844 0.114543 16.4007 0.101505 16.5433 0.101717 15.5421 0.0986324 15.6377 0.101671 15.7344 0.0990183 
15.8059 0.0849818 13.7869 0.101849 15.7259 0.10484 14.6775 0.0935073 15.1939 0.0943831 15.7919 0.0962431 15.5519 0.0899845 
16.5245 0.111587 15.2771 0.0869212 15.6849 0.0957809 14.9797 0.106318 16.3029 0.107438 16.1429 0.100409 16.2941 0.113427 
15.8449 0.0831491 21.0406 0.128608 14.8658 0.102921 15.3363 0.0970902 14.5956 0.096019 15.1771 0.082539 14.3725 0.0976581 
15.4635 0.0867066 15.3656 0.0967849 15.6031 0.100807 15.014 0.0992477 16.3353 0.101592 16.273 0.108242 15.2905 0.0946481 
15.998 0.097292 14.4485 0.0926319 15.578 0.0970448 13.71 0.0880915 15.2244 0.084683 14.7972 0.0812632 14.6436 0.0971946 
15.1076 0.0876206 15.665 0.104375 14.7809 0.104145 14.9106 0.10171 16.4931 0.0933834 16.3292 0.103687 15.8191 0.109325 
16.1553 0.0868207 14.8274 0.0891905 14.4888 0.0791439 15.2115 0.0849776 15.1545 0.0955325 14.0258 0.0969397 14.1442 0.0905122 
14.7385 0.10372 14.1968 0.0923762 15.7411 0.0941934 14.1247 0.0917184 16.6908 0.0990005 15.5538 0.099004 14.9357 0.095086 
15.2265 0.092961 14.6603 0.0803431 14.0935 0.0843423 13.9537 0.0844196 14.6199 0.0829134 15.2515 0.101041 14.0564 0.0846695 
15.513 0.0822894 14.8876 0.0948847 17.4457 0.0984539 15.1425 0.0846425 16.0363 0.105536 14.7762 0.0950043 15.2697 0.0905271 
15.0541 0.07803 14.6003 0.0903872 12.5411 0.0804258 12.5869 0.0884833 12.6574 0.0775632 15.1008 0.0910738 13.2863 0.0808921 
13.6261 0.0899577 13.1032 0.0917215 13.3642 0.0891854 12.9768 0.0846101 13.5092 0.111701 14.1175 0.106343 14.0622 0.0980749 
13.365 0.0902904 13.8676 0.109936 13.2872 0.0974313 12.9397 0.0902982 12.4722 0.0828229 12.4377 0.101028 12.7643 0.103753 
12.622 0.116496 12.7953 0.124328 12.206 0.110524 11.848 0.120616 12.1426 0.129575 10.8459 0.107599 10.5437 0.124691 
