16.5646 0.224023 15.0047 0.14827 15.2574 0.148161 16.3929 0.14285 15.9255 0.142049 16.0626 0.191018 16.7475 0.201399 
14.275 0.103421 15.2248 0.0987093 14.2798 0.109536 14.7025 0.0833655 14.7757 0.0838376 15.0547 0.0990079 9.12374 0.087367 
14.3983 0.106612 14.3377 0.0920811 15.2558 0.101121 15.122 0.0947504 15.7351 0.0949816 15.2512 0.110595 15.8268 0.121764 
14.4718 0.10493 14.6654 0.0968063 14.5268 0.0880115 14.3767 0.081672 12.3829 0.0794924 12.4311 0.0823012 14.0278 0.0924587 
16.418 0.0964088 15.7872 0.106377 14.7685 0.102574 15.6642 0.111704 15.7813 0.115926 16.1325 0.0984505 11.0669 0.0879876 
15.5875 0.0885108 13.7971 0.0885193 14.6973 0.0915144 14.6064 0.102295 15.0059 0.121103 14.6756 0.089579 13.6245 0.0916575 
11.8409 0.076867 11.5421 0.0729382 11.8551 0.0775898 11.4423 0.0813408 12.3209 0.100883 12.6953 0.0844455 11.837 0.0904731 
11.1393 0.0680271 10.7911 0.0701875 11.4304 0.0924196 10.0448 0.07847 11.3857 0.0641915 11.5732 0.0837795 10.9128 0.0908937 
15.218 0.107649 15.3767 0.116608 15.5642 0.0885238 14.7625 0.122306 16.7452 0.121792 15.1996 0.112518 16.262 0.100137 
16.1056 0.102229 14.8461 0.111493 15.0862 0.104986 14.1677 0.094302 14.6577 0.110101 14.408 0.0925423 14.8669 0.0887894 
15.712 0.101161 15.9154 0.0961757 16.0455 0.118878 15.5135 0.130436 15.2304 0.0912779 15.7513 0.105534 15.0119 0.100607 
14.8006 0.112649 15.4393 0.100501 15.0843 0.103926 14.9098 0.0902251 15.4378 0.106573 14.8333 0.126154 14.6238 0.122723 
15.2284 0.115038 15.9377 0.119951 16.2473 0.107987 16.4233 0.105752 15.369 0.105699 15.2924 0.108856 15.5549 0.103574 
15.7961 0.09109 13.5109 0.115617 15.774 0.108325 14.5902 0.0953997 15.071 0.0997675 15.819 0.105263 15.5403 0.0900849 
16.1432 0.123028 15.2853 0.0922699 15.6309 0.100589 14.7951 0.109443 16.0543 0.111162 15.9915 0.112864 16.0425 0.117649 
15.7166 0.0897861 20.2439 0.206262 14.4398 0.107693 15.1204 0.105352 14.4732 0.0987449 14.9877 0.0816266 14.1656 0.101674 
15.232 0.0926461 15.263 0.0985044 15.5326 0.0972811 14.9377 0.102586 15.984 0.106747 15.9419 0.116705 15.1129 0.10715 
15.9062 0.100145 14.6456 0.0934266 15.54 0.100654 13.5134 0.0880197 15.1381 0.085402 14.6981 0.0815287 14.4632 0.113083 
14.9822 0.0911574 15.6978 0.102657 14.7197 0.10525 14.3858 0.120109 16.4588 0.0998735 16.1843 0.105544 15.5223 0.111437 
16.1765 0.0891776 14.4582 0.0954197 14.257 0.0805255 14.9789 0.0963765 14.9906 0.0946462 13.8908 0.0994344 14.2608 0.0792001 
14.5463 0.103885 14.1076 0.0910595 15.5567 0.0962982 14.011 0.096531 16.2694 0.142354 15.4293 0.105452 14.91 0.0990914 
14.8692 0.104846 14.4444 0.0790469 14.0486 0.0824135 13.9005 0.0870389 14.5502 0.0819403 15.254 0.104393 14.1544 0.0824431 
15.3341 0.0877237 14.8026 0.0944046 17.324 0.102919 14.9437 0.0970852 15.7265 0.106051 14.5662 0.0995808 15.1233 0.0942004 
14.9964 0.0794363 14.5934 0.0909284 12.7815 0.0746898 12.49 0.087345 12.6335 0.0795697 14.8679 0.0905225 13.2042 0.0821242 
13.4988 0.0905989 13.4 0.0892526 13.3708 0.0910302 12.8653 0.0826126 13.5089 0.110878 14.1795 0.10725 13.9815 0.0952796 
13.2622 0.0918993 13.7079 0.114049 13.4864 0.0985931 12.8709 0.0925007 12.4216 0.0840537 12.3285 0.100961 12.574 0.102577 
12.6382 0.116796 12.8451 0.128041 12.2637 0.115198 11.7526 0.124661 12.2504 0.130219 10.9204 0.101827 10.5859 0.114578 
