28.0791 0.168832 
26.6848 0.15043 
28.1987 0.0973236 
25.0858 0.147358 
25.8256 0.0927601 
26.4493 0.118284 
37.5059 0.271604 
25.2539 0.117717 
30.8284 0.129036 
29.778 0.131612 
27.2127 0.0997231 
30.653 0.158301 
32.6274 0.151793 
21.4024 0.104208 
29.7903 0.124904 
29.228 0.15335 
30.2232 0.113172 
32.1216 0.151013 
30.4731 0.109583 
29.4715 0.132171 
33.5112 0.219814 
26.9584 0.124609 
32.0196 0.119133 
27.7972 0.12982 
27.2773 0.0974334 
26.7934 0.122036 
28.9924 0.107495 
27.1423 0.128037 
32.1553 0.144895 
20.6484 0.100636 
20.1972 0.213342 
22.6853 0.102338 
29.9273 0.123886 
30.7643 0.144604 
27.137 0.0964201 
29.6471 0.128265 
27.8068 0.0925748 
24.3683 0.116996 
27.6548 0.108143 
25.4148 0.118134 
25.0463 0.0920439 
26.4772 0.112707 
28.7528 0.0992839 
25.4854 0.107713 
27.6132 0.0869592 
26.0281 0.105969 
27.0893 0.0901603 
26.7356 0.116332 
27.4303 0.0909139 
23.7976 0.0996801 
28.3401 0.137006 
30.6712 0.156502 
