27.4379 0.303251 27.1342 0.334082 28.8233 0.34126 27.5764 0.238905 27.5324 0.23627 27.1491 0.279359 27.2663 0.411471 
27.3568 0.202882 26.4824 0.168686 28.2832 0.194019 26.0799 0.141364 27.0052 0.173261 28.0719 0.191277 26.1356 0.174235 
26.5766 0.184226 27.6688 0.187126 26.5265 0.194096 26.0401 0.15737 26.9252 0.16235 27.1624 0.175615 26.9261 0.173365 
27.0024 0.188428 26.1444 0.180298 26.9341 0.157788 24.8632 0.137381 27.4303 0.180194 26.5194 0.155584 25.1246 0.156007 
28.8451 0.180342 27.9256 0.199299 28.8832 0.209584 28.1965 0.20607 28.8649 0.197971 27.3755 0.168534 26.8983 0.204752 
26.5139 0.144227 26.2774 0.16016 25.4563 0.15159 25.6334 0.177593 24.9951 0.194134 26.1065 0.191234 26.1108 0.150873 
20.1295 0.12289 20.1127 0.128882 20.3905 0.12309 19.7182 0.131823 20.6184 0.146745 20.4085 0.128082 20.9241 0.141851 
20.9841 0.132634 19.32 0.115369 19.6433 0.132844 19.492 0.124209 19.6283 0.110805 19.0087 0.136927 19.2765 0.145448 
28.2747 0.181272 27.008 0.180554 28.6262 0.164478 26.6324 0.195835 27.4202 0.21652 28.8356 0.214904 27.9023 0.168595 
27.2399 0.165907 27.3043 0.188921 26.53 0.16271 27.9156 0.192698 26.9534 0.200294 26.4008 0.184745 25.984 0.154024 
27.2052 0.179309 26.4737 0.187987 27.557 0.189391 26.8743 0.185619 28.4596 0.176091 27.8302 0.17577 28.1389 0.184713 
27.7217 0.185602 27.1015 0.182435 27.7296 0.154666 26.2904 0.151801 27.3534 0.201013 27.0662 0.217939 26.7109 0.198702 
27.6472 0.187896 27.2652 0.188919 28.3097 0.181424 26.9715 0.159552 29.1141 0.198041 27.9191 0.192974 28.3048 0.183414 
27.2925 0.145789 24.8994 0.159791 27.1877 0.173597 26.4898 0.166948 25.7856 0.165109 26.9955 0.183771 25.6594 0.145612 
27.6233 0.174164 27.5261 0.165043 29.2714 0.185063 27.9955 0.191448 28.4463 0.194812 28.5437 0.178338 29.7919 0.216721 
27.3814 0.157827 26.7445 0.160414 26.6696 0.227428 25.7193 0.164081 26.1378 0.174709 26.5262 0.145308 26.6107 0.183367 
27.956 0.168051 27.2952 0.177954 26.1096 0.16749 28.3972 0.20218 28.4523 0.182407 28.2745 0.193047 28.9704 0.199183 
26.556 0.157812 26.8441 0.173071 26.2529 0.172074 26.1963 0.161822 25.5591 0.160933 25.7575 0.146847 26.1121 0.168351 
28.0095 0.170192 26.9589 0.186003 27.7944 0.197482 26.6569 0.178664 27.6384 0.159182 27.5178 0.176908 28.4198 0.192207 
27.9146 0.156862 26.748 0.158567 25.9895 0.140012 27.4106 0.162589 26.5159 0.18048 26.6095 0.194932 25.0627 0.136725 
27.3634 0.192651 26.9893 0.186805 27.4835 0.168931 26.8895 0.175787 27.7225 0.197872 28.0324 0.197584 27.0728 0.171905 
26.9359 0.15779 27.6923 0.1381 25.0679 0.166058 25.745 0.151627 26.8934 0.151546 26.3667 0.176639 24.6979 0.173243 
26.9985 0.154461 25.5529 0.181881 30.3916 0.179623 25.9782 0.142457 26.3078 0.190385 28.6384 0.210049 26.9498 0.158804 
26.4528 0.152433 25.134 0.156383 26.6011 0.154795 26.2882 0.166662 26.7553 0.158936 25.3532 0.140595 24.0508 0.154546 
27.1261 0.180952 27.4469 0.187229 28.0516 0.184765 27.2904 0.173965 28.5737 0.223184 29.3217 0.20047 28.3359 0.19822 
27.4245 0.16666 27.2583 0.191378 26.8078 0.178005 27.5229 0.198678 25.6359 0.149779 26.2177 0.182647 24.992 0.183476 
26.9826 0.264069 25.8519 0.23181 26.0316 0.234181 26.0606 0.249754 25.8016 0.228462 23.2825 0.225349 23.2297 0.276686 
