10.7855 2.11084 9.2607 0.654115 10.1726 0.721725 8.57091 1.44799 8.74825 1.45664 -2.89125 78.5597 8.57985 2.85164 
6.94793 1.48566 8.48435 0.664772 9.97733 0.704037 9.01699 0.303068 9.18423 0.416006 9.79388 0.35879 9.22727 0.367618 
9.45555 1.49957 9.29007 0.334628 9.30125 0.858641 8.49955 0.308768 9.806 0.32741 9.43994 0.345291 9.36228 0.6549 
8.10656 0.252225 8.90173 0.258529 8.59636 0.292001 8.38709 0.212083 10.5005 1.60435 9.82115 0.905529 9.61472 0.596031 
9.90744 0.386955 10.1752 0.440719 9.66961 1.1897 10.4932 0.481978 9.8072 1.19221 9.95118 0.461631 10.0719 0.459455 
8.73566 0.254983 9.74678 0.543643 -0.595151 36.1023 10.5341 1.6604 9.68881 0.625595 9.31311 0.346488 8.5207 0.239677 
7.05501 0.41321 1.5346 2.86956 7.86099 0.34408 4.78418 1.21512 -116.708 45.2161 -12.5564 52.9035 3.35154 6.02734 
3.09256 2.73802 6.23879 0.726519 8.33002 0.683586 6.53527 1.30101 4.25238 0.971146 -68.4974 40.8244 4.91276 2.33633 
9.85713 0.440059 9.13217 0.369835 11.4339 0.404399 8.44742 1.03891 9.39033 0.276402 10.0889 0.518265 10.5261 0.486974 
9.8628 0.431357 9.27955 0.332034 8.9153 0.31539 9.82084 0.693448 8.76186 0.491944 10.4985 0.741189 8.85039 0.601551 
10.1413 0.293631 9.93398 0.387144 9.9298 0.556004 7.44764 1.27851 9.84491 0.297766 10.0652 0.353729 9.72718 0.314946 
10.3381 0.596345 10.8204 1.53185 10.4292 0.27944 9.1699 0.344504 9.18243 0.591231 9.69688 0.640284 9.86105 0.431084 
9.14388 0.521827 9.28397 0.34002 10.6729 0.64006 9.60639 0.263646 8.85816 1.0952 9.51206 1.08658 11.8522 0.573877 
9.98514 0.258666 11.3762 0.380757 11.1928 0.347957 8.19861 0.266466 9.37014 0.349911 11.3023 0.527246 9.58027 0.279694 
9.88593 0.569771 9.83174 0.362133 10.7016 0.390959 10.5148 0.876512 10.6661 0.833815 10.5562 0.437795 9.8999 0.44414 
10.178 0.297727 8.80773 0.288699 9.43281 0.342658 9.30454 0.534682 9.67221 0.377495 9.52991 0.350259 9.218 0.332962 
8.83416 0.268156 9.90613 0.255447 8.95815 0.310686 11.696 0.711146 10.2709 0.394041 10.8363 0.48967 10.0952 0.427955 
9.30239 0.336692 9.63032 0.404889 9.23115 0.307408 9.42978 0.388007 9.72 0.381125 9.37882 0.20566 8.84647 0.437323 
10.054 0.44292 10.0538 0.318842 9.67341 0.280699 8.7689 0.453683 10.1385 0.704921 11.0687 0.675659 10.2164 0.638047 
10.7219 0.400186 9.56316 0.542984 9.24077 0.205774 10.07 0.556498 9.97488 0.329123 11.1541 0.544586 9.93104 0.253436 
9.69926 0.811538 10.1247 0.32481 9.95719 0.375872 10.0815 0.572269 10.316 0.270881 10.5246 0.611401 10.2356 0.884761 
9.45461 0.374369 9.03793 0.280598 9.08848 0.379545 9.18345 0.337135 9.1309 0.29947 10.0699 0.588223 9.04829 0.423188 
10.2347 0.460619 9.4846 0.258829 10.771 0.492342 9.27755 0.495584 9.90705 0.653377 10.4282 0.579059 9.76704 0.32888 
9.40398 0.194925 9.46496 0.415489 8.49466 0.278962 9.18316 0.578971 9.6751 0.319219 8.54363 0.447251 8.4438 0.383056 
9.37694 0.5488 9.6609 0.336826 8.92419 0.67749 9.23793 0.365789 7.39976 3.30756 9.82923 0.612935 9.64215 0.411981 
1.27084 13.3164 -190.576 49.7783 6.97819 2.74621 8.91052 0.375368 9.06638 0.299424 8.17437 0.668031 8.23197 0.373026 
7.41959 4.51145 -88.5603 53.3544 11.265 3.49301 9.28951 0.367362 -134.477 92.2063 8.68979 0.662838 8.4248 0.340287 
