45.5388 1.18557 31.6856 0.543679 31.0283 0.502622 23.5151 0.286665 24.8141 0.37611 24.8019 0.362603 15.3553 0.343705 
23.4125 0.26015 19.935 0.162235 23.8123 0.207378 22.1788 0.160939 24.4967 0.218994 34.877 0.294231 19.9746 0.233656 
25.3376 0.236748 27.9568 0.228369 26.5751 0.242217 21.0627 0.16513 27.6556 0.218951 24.4648 0.211655 19.6789 0.208455 
19.064 0.195971 29.0429 0.245649 20.7347 0.172253 28.0397 0.227354 29.7107 0.252343 21.6775 0.166906 25.4198 0.235046 
23.2954 0.196006 29.3892 0.257394 23.8153 0.203163 25.1466 0.253154 25.0446 0.222893 23.5826 0.1678 17.9122 0.181567 
24.1955 0.166161 24.8999 0.209207 23.7199 0.202901 24.2277 0.221671 34.2032 0.327428 22.3114 0.169862 19.9397 0.239915 
25.1338 0.194762 19.0165 0.152834 23.171 0.181965 25.9623 0.221067 22.7483 0.198758 24.9804 0.191881 15.9338 0.200379 
24.9112 0.186911 25.5608 0.196851 24.0481 0.231411 28.8718 0.216764 21.8315 0.152106 16.5359 0.150757 21.3999 0.273982 
22.2256 0.182125 27.5124 0.215714 25.4977 0.187619 25.2496 0.230079 27.2615 0.257605 24.2575 0.238646 17.0448 0.177195 
22.1208 0.166807 25.6221 0.195191 20.658 0.156409 24.6139 0.215149 23.6812 0.20367 27.7316 0.23898 15.7484 0.154386 
24.8014 0.21646 26.3702 0.214001 29.7681 0.250861 21.9503 0.192675 22.0663 0.187773 26.1216 0.220514 23.1032 0.23819 
25.7771 0.244193 25.7888 0.22311 25.3377 0.194414 24.7383 0.185276 24.9285 0.233643 25.562 0.242619 40.0011 0.456961 
25.7147 0.247598 25.3464 0.221778 23.9908 0.200175 26.2582 0.191543 26.9729 0.229651 23.8453 0.216697 25.2065 0.234418 
22.8682 0.156788 23.2112 0.188608 25.9691 0.236875 24.0226 0.184113 25.6638 0.200327 21.8387 0.180996 18.5989 0.15846 
23.847 0.202381 24.8579 0.187893 25.0589 0.188386 24.1111 0.249617 25.177 0.21903 26.177 0.209993 24.9893 0.297081 
23.6723 0.158397 26.2192 0.213034 23.1296 0.197029 25.2687 0.207299 24.8156 0.216068 25.9767 0.174905 27.2328 0.27042 
26.2797 0.213429 24.859 0.200671 25.2352 0.21522 25.4213 0.2379 25.1723 0.194569 23.9836 0.209006 21.7674 0.224861 
19.8833 0.163583 25.6863 0.216037 26.859 0.221022 25.6094 0.20237 26.0346 0.177461 24.1378 0.172517 21.6877 0.245265 
23.4809 0.194792 23.3485 0.179575 24.5647 0.229582 25.0816 0.229782 24.3047 0.179012 24.3647 0.219124 23.0033 0.261585 
30.457 0.198997 25.6125 0.184063 25.9909 0.181454 24.5395 0.181806 25.9387 0.239295 26.1024 0.23237 16.0799 0.119363 
24.4976 0.197356 27.5709 0.212071 27.5786 0.218168 27.6714 0.217114 27.8809 0.209928 22.8083 0.171224 25.0084 0.248399 
22.1952 0.192348 24.8511 0.153551 26.9898 0.221424 27.1608 0.191262 25.5535 0.188906 23.6466 0.20216 20.0519 0.191278 
26.5086 0.173288 28.5675 0.22703 28.9826 0.214771 19.7677 0.157357 22.399 0.195941 24.0115 0.209236 22.487 0.197507 
23.9397 0.161681 27.3068 0.213524 28.4805 0.217074 29.8573 0.251239 29.1418 0.230906 25.0706 0.174487 24.0921 0.236519 
28.6506 0.259404 28.3722 0.219269 27.9988 0.224748 28.6379 0.24216 21.3894 0.211842 26.945 0.205807 16.8624 0.158408 
30.135 0.270282 21.4271 0.224276 29.2423 0.277558 28.5809 0.27871 29.1545 0.233704 29.7487 0.259473 24.6358 0.231073 
35.6358 0.466466 35.8781 0.493156 39.3617 0.564011 36.0747 0.438283 31.751 0.412244 35.9852 0.369036 24.7311 0.279187 
