24.541 0.418428 
24.85 0.3167 
24.8952 0.232876 
25.1065 0.373364 
24.4893 0.214858 
25.2927 0.262936 
24.907 0.176123 
24.278 0.239517 
24.4721 0.171162 
24.7031 0.229234 
24.9386 0.194957 
25.457 0.203604 
24.9521 0.198628 
24.7058 0.214743 
24.7454 0.181582 
24.2876 0.221054 
24.6021 0.164825 
24.5619 0.24709 
24.7181 0.17997 
25.0687 0.214365 
24.3264 0.251777 
25.2456 0.235403 
24.6954 0.162218 
24.8195 0.228899 
24.5441 0.170649 
25.3188 0.228417 
25.018 0.193594 
25.1349 0.222116 
24.605 0.178205 
24.851 0.236754 
24.9346 0.190743 
25.0947 0.229708 
24.3773 0.17383 
24.6479 0.210639 
24.6134 0.178841 
24.7331 0.195072 
24.4777 0.162813 
25.0209 0.225844 
24.5464 0.188846 
24.6417 0.211303 
24.7835 0.188197 
24.8252 0.216342 
24.3982 0.171731 
24.6206 0.222904 
24.9252 0.169705 
25.2441 0.21075 
24.8707 0.221281 
24.5025 0.211125 
24.7009 0.173767 
25.0947 0.216853 
24.6019 0.339745 
25.0765 0.229117 
