25.045 0.85454 24.7348 0.991255 24.4907 1.12243 25.921 1.38018 24.2947 0.928531 25.1928 0.921865 21.9833 1.11303 
23.4846 0.404949 24.7829 0.379774 24.8255 0.41668 24.5228 0.424204 23.6205 0.332374 25.4232 0.437394 24.6764 0.40419 
24.2981 0.472545 23.7606 0.379573 24.3796 0.484325 24.1326 0.365708 24.6932 0.371076 25.518 0.467508 23.7552 0.479722 
24.3597 0.374503 23.2787 0.413854 24.4357 0.325979 22.1821 0.344452 22.3934 0.341264 22.7884 0.33811 22.1738 0.300922 
27.1308 0.429119 24.9948 0.408821 25.8795 0.583879 24.7084 0.440081 25.9682 0.383592 25.3021 0.335528 26.5642 0.456586 
22.6841 0.329485 23.7056 0.403197 23.0489 0.391306 23.2511 0.433316 22.3526 0.379022 23.9547 0.389364 24.0671 0.352262 
17.896 0.282855 18.9406 0.283856 18.318 0.294343 18.217 0.304692 19.2185 0.362699 19.5706 0.253633 18.8216 0.337054 
19.2248 0.337138 17.8837 0.262225 17.3326 0.286033 17.4035 0.221075 18.3106 0.239063 17.173 0.271806 18.6787 0.295056 
26.0697 0.566342 25.5922 0.418839 25.1756 0.382391 24.1119 0.413503 25.5847 0.525248 26.1881 0.517956 25.1032 0.299649 
25.7329 0.412466 24.7853 0.43676 24.2861 0.35608 23.8838 0.350573 24.3503 0.472406 23.9538 0.424496 23.8511 0.351695 
25.1712 0.471976 23.867 0.369237 24.0819 0.384835 25.6574 0.485761 25.5224 0.398487 24.6769 0.389779 25.3124 0.442451 
23.3388 0.529547 24.682 0.425855 24.6442 0.341405 23.883 0.354824 24.4801 0.4035 23.3853 0.378861 24.6954 0.473149 
25.8997 0.457533 25.7377 0.398456 25.2339 0.452697 26.0946 0.470841 26.051 0.459572 25.3484 0.478827 26.5617 0.444066 
25.6335 0.342935 39.9342 0.764987 25.5863 0.370498 24.3634 0.383489 23.3982 0.368951 24.2212 0.393601 22.698 0.366746 
24.4579 0.431867 23.7612 0.308164 26.5783 0.429054 23.8941 0.481428 26.26 0.477651 25.3748 0.445192 25.0037 0.464408 
25.3033 0.334824 23.4614 0.344973 0 0 23.7064 0.359892 23.68 0.370092 23.9267 0.353512 21.3708 0.335071 
24.4713 0.355803 25.3573 0.456395 0 0 26.1873 0.459145 25.8373 0.401532 26.1545 0.516242 24.7268 0.36781 
25.2116 0.38479 23.7482 0.326624 0 0 22.9445 0.330953 22.8173 0.301106 23.4494 0.298731 23.33 0.399663 
23.7336 0.361831 25.5522 0.348807 24.8378 0.398854 23.4728 0.426074 25.1764 0.335754 25.4744 0.357063 24.6291 0.400348 
24.5259 0.309597 23.8651 0.33298 23.2022 0.330896 24.6592 0.364859 22.6279 0.353366 23.1781 0.358705 22.5209 0.283108 
25.3674 0.437563 24.7377 0.42195 24.649 0.489098 23.335 0.386087 24.8201 0.380713 24.99 0.406222 26.024 0.455324 
24.4979 0.397074 24.0015 0.301607 23.2072 0.369297 22.7198 0.445579 23.7608 0.298276 22.3835 0.338347 21.4142 0.312635 
24.6776 0.332822 23.7518 0.394508 27.0233 0.373841 23.8104 0.367928 24.3084 0.398349 23.6958 0.378034 24.1519 0.330345 
22.8327 0.311029 22.475 0.346913 22.4177 0.289066 22.6822 0.390668 23.118 0.327867 22.5094 0.312288 21.6241 0.363833 
24.343 0.404046 24.8052 0.42484 25.7477 0.491472 23.1402 0.357139 26.1195 0.482634 25.5351 0.339011 25.7438 0.470801 
24.0254 0.404752 23.4938 0.4284 23.865 0.441696 23.8797 0.388115 22.4436 0.346016 22.3736 0.366481 23.8885 0.40565 
25.2885 0.785697 23.428 0.620282 23.9855 0.631107 21.7861 0.570311 23.5353 0.520282 19.5239 0.40259 19.3881 1.64512 
