0 8.08776 0.0100617
1 7.76109 0.0102536
2 7.63732 0.0106168
3 8.11088 0.00844914
4 7.69498 0.00844012
5 7.3339 0.00956001
6 5.86072 0.0146529
7 8.15222 0.00636598
8 7.38129 0.00570833
9 7.85267 0.00635864
10 8.61264 0.00522341
11 7.67048 0.00559489
12 6.85513 0.00655432
13 6.55692 0.00580436
14 7.71015 0.00632529
15 7.16695 0.00627883
16 7.69294 0.00595549
17 8.44223 0.00565363
18 6.68161 0.00611458
19 8.28851 0.00658749
20 7.04543 0.00636429
21 7.21612 0.00628673
22 8.16483 0.00632427
23 7.81762 0.0052637
24 8.51094 0.005103
25 7.50531 0.190637
26 7.21843 0.184539
27 7.52188 0.00593407
28 7.11788 0.00541102
29 7.08602 0.0064772
30 6.82801 0.00694355
31 7.34925 0.00696352
32 6.82447 0.006545
33 7.22976 0.00512431
34 7.36845 0.00648765
35 7.0822 0.00526294
36 8.06572 0.00607457
37 7.25411 0.00572348
38 7.24625 0.00638467
39 7.45394 0.00704401
40 7.59283 0.00557329
41 8.2801 0.00581774
42 8.20296 0.00609386
43 7.57355 0.00559667
44 7.64827 0.00567708
45 7.88022 0.00652459
46 8.99039 0.00688001
47 7.82145 0.00551237
48 8.13204 0.00619998
49 7.73068 0.00577648
50 8.17545 0.00607508
51 7.28285 0.00630502
52 7.64608 0.00654764
53 7.13341 0.00524403
54 6.5805 0.00639907
55 8.1195 0.00676255
56 6.92207 0.00601915
57 8.03257 0.00601143
58 7.62768 0.00522616
59 7.5175 0.00680701
60 6.92951 0.0060329
61 7.44073 0.00641937
62 6.7513 0.00554386
63 6.83186 0.0055418
64 7.31491 0.00691182
65 7.00931 0.00622446
66 7.59434 0.00618188
67 7.16394 0.00624813
68 6.63881 0.006316
69 6.53994 0.00565635
70 7.41908 0.00583539
71 5.87871 0.00582637
72 7.68736 0.00583123
73 6.04108 0.00636894
74 7.11824 0.0055565
75 7.30174 0.00601246
76 7.08979 0.00635737
77 7.41655 0.00636798
78 6.83631 0.006133
79 7.41579 0.00551199
80 7.07301 0.00533943
81 6.88268 0.00629913
82 7.80524 0.00705668
83 8.98077 0.00655685
84 7.74091 0.00635915
85 6.8034 0.00625991
86 6.9103 0.0058544
87 7.11521 0.00560644
88 7.75377 0.00621353
89 6.8784 0.00638133
90 6.62994 0.00596641
91 6.61584 0.00496548
92 9.61642 0.162713
93 7.6533 0.00601427
94 6.27599 0.0062335
95 6.80537 0.00573978
96 6.92554 0.00593762
97 7.32494 0.00515453
98 6.644 0.00603722
99 7.14757 0.00549218
100 7.76931 0.00602922
101 7.70295 0.00632274
102 6.16423 0.00601678
103 7.64716 0.00597487
104 7.27655 0.00648239
105 7.46584 0.00507152
106 8.0152 0.0056204
107 7.7921 0.00627064
108 6.44867 0.00606845
109 8.62963 0.00630672
110 7.75585 0.00526125
111 6.76737 0.00656481
112 7.07503 0.00533027
113 6.47049 0.00596321
114 7.71988 0.00597928
115 7.61636 0.00642844
116 6.38309 0.00577844
117 7.85444 0.00650396
118 8.24817 0.00607895
119 6.62938 0.00545927
120 7.25816 0.00584596
121 7.02392 0.0059257
122 7.88249 0.00610007
123 7.5616 0.00493855
124 7.76466 0.00528474
125 9.01121 0.00611409
126 7.23284 0.00554578
127 7.06325 0.00571842
128 7.64418 0.00634694
129 8.03738 0.00611807
130 7.27927 0.00525177
131 9.49147 0.00618857
132 7.83295 0.00615662
133 7.99712 0.00481466
134 6.573 0.00552366
135 8.05185 0.00501355
136 7.60554 0.00534433
137 7.6161 0.00624617
138 7.42777 0.00652532
139 7.1983 0.00481903
140 7.47622 0.0063912
141 6.60219 0.00627429
142 7.58031 0.00586302
143 6.83475 0.0061871
144 7.25612 0.00556306
145 6.95522 0.00617264
146 7.12264 0.0062722
147 8.20519 0.0056509
148 7.62705 0.00495502
149 6.89898 0.00552649
150 8.10103 0.00582194
151 7.50616 0.00545329
152 6.82379 0.00606492
153 7.73 0.0058308
154 7.92203 0.00533275
155 7.99272 0.0062271
156 7.21684 0.00514174
157 7.7956 0.00515552
158 6.1522 0.00590057
159 8.07033 0.00645903
160 8.08402 0.00583718
161 7.99519 0.00529835
162 7.73151 0.00577472
163 6.46044 0.172485
164 6.66412 0.198838
165 6.93633 0.170738
166 7.535 0.00512033
167 6.40372 0.00575902
168 6.68712 0.215004
169 6.4567 0.194253
170 6.37969 0.189929
171 6.80416 0.191924
172 6.93796 0.227514
173 7.51044 0.198043
174 6.55744 0.211655
175 6.93908 0.211696
176 6.82856 0.23597
177 6.9692 0.00708281
178 6.71171 0.213299
179 6.22387 0.00613328
180 6.88727 0.220747
181 5.57314 0.225217
182 7.18841 0.313733
183 7.40614 0.010149
184 7.38273 0.27285
185 6.68259 0.264621
186 6.75026 0.282256
187 6.83194 0.276075
188 7.35261 0.327639
