17.4863 0.23286 
18.7737 0.205109 
16.2509 0.153565 
20.3451 0.188405 
19.9904 0.203354 
16.6654 0.158533 
20.3478 0.200628 
16.6664 0.205134 
20.3241 0.209544 
18.5225 0.19874 
19.7953 0.270061 
20.6611 0.215477 
23.5571 0.281287 
15.8189 0.157918 
18.5025 0.224779 
20.5349 0.208175 
22.2166 0.218606 
21.2859 0.244288 
18.9357 0.238325 
21.1424 0.250536 
19.858 0.297584 
20.0057 0.365675 
20.5517 0.18399 
22.2317 0.236672 
17.6924 0.176673 
21.9659 0.258439 
21.4996 0.211673 
19.3923 0.20386 
18.455 0.174154 
21.0327 0.243999 
21.5903 0.238791 
18.6644 0.222412 
21.5127 0.221386 
18.7151 0.180364 
20.0799 0.228423 
21.5244 0.188494 
18.271 0.162227 
21.4067 0.238819 
21.6844 0.315377 
18.893 0.174588 
22.2936 0.25317 
19.3908 0.176231 
18.1019 0.191822 
19.5644 0.201544 
18.7773 0.184058 
20.6374 0.177689 
19.2087 0.209097 
19.3701 0.189904 
19.7316 0.178974 
19.9646 0.151214 
21.0984 0.315063 
24.1594 0.335226 
