20.4504 0.786517 
18.0885 0.763006 
21.9977 0.265873 
16.9778 0.846543 
21.6045 0.250622 
20.0099 0.323883 
28.1529 0.23835 
19.5819 0.305614 
26.4478 0.241453 
22.0457 0.297976 
21.3901 0.21934 
22.0458 0.393101 
27.6267 0.293777 
17.0233 0.251325 
22.6031 0.221858 
21.0795 0.377953 
23.6646 0.29219 
25.0036 0.386138 
23.7425 0.213913 
20.6761 0.342629 
28.3347 0.426915 
20.8028 0.308346 
24.6401 0.223622 
20.0404 0.347199 
19.6041 0.195741 
20.2123 0.373634 
22.0098 0.235861 
19.0576 0.314771 
23.6091 0.346509 
16.3462 0.252965 
17.9804 0.217492 
17.1963 0.325291 
22.858 0.240653 
25.0931 0.355488 
21.4458 0.23877 
21.7676 0.493656 
22.7606 0.243368 
17.417 0.221443 
21.7122 0.260157 
18.9724 0.301943 
19.365 0.233117 
18.9931 0.355966 
22.8372 0.284332 
18.5326 0.263697 
21.9169 0.215167 
19.1739 0.263998 
22.1647 0.270824 
19.2511 0.339113 
21.0053 0.238819 
17.4546 0.25556 
21.7649 0.339887 
20.4196 0.573316 
