14.2755 0.167244 13.0875 0.16343 14.0514 0.194721 13.716 0.138342 13.2425 0.128126 13.7413 0.169095 13.0642 0.273142 
13.2872 0.107495 13.3115 0.0852211 13.5992 0.0993929 12.9056 0.0784083 12.9159 0.0874935 13.5725 0.0991757 13.2223 0.0955609 
13.2509 0.106308 13.3364 0.0907755 14.2328 0.101731 13.1423 0.0843177 13.942 0.108315 13.7377 0.0987748 12.9087 0.116792 
12.747 0.096326 12.3499 0.097274 13.4089 0.0833538 12.7012 0.0779631 11.6448 0.0912373 11.7564 0.0847015 12.7877 0.095067 
14.5834 0.0973094 14.1512 0.0988569 13.3459 0.12079 13.7233 0.134601 14.3796 0.107047 14.0132 0.0916473 14.0958 0.104494 
13.1822 0.0829983 12.5566 0.0853777 12.9715 0.088422 13.0431 0.10526 13.4214 0.110827 13.0678 0.0841102 12.4712 0.0991874 
10.4804 0.0744565 10.0414 0.0684072 10.627 0.0719101 10.1425 0.082742 10.5344 0.0873893 10.3372 0.0728817 10.0977 0.0860775 
10.1714 0.068011 9.98116 0.0672207 10.0461 0.0868189 9.20227 0.0697265 9.85619 0.0596337 9.82182 0.0852551 9.45128 0.0805933 
13.8541 0.0965285 13.8377 0.098112 13.9567 0.0853016 12.8587 0.100899 14.6934 0.106147 13.8258 0.115659 14.3963 0.0928025 
13.92 0.105626 13.0312 0.104914 13.4066 0.0943948 12.9683 0.0985277 12.7806 0.10081 13.2453 0.100593 12.8982 0.0995271 
13.5765 0.116324 14.1662 0.10723 14.0636 0.111414 13.9431 0.119613 13.8726 0.0871555 14.0142 0.113507 13.3549 0.107234 
13.2968 0.105929 13.6322 0.100339 13.5539 0.081413 13.2799 0.0838292 13.8231 0.0986966 13.2974 0.117596 13.3581 0.102707 
13.8927 0.103351 14.3592 0.110648 14.1461 0.100395 13.9236 0.0843666 14.519 0.101571 13.9365 0.105612 13.7672 0.105577 
14.0148 0.0851303 14.6455 0.0933748 13.919 0.0986842 12.8714 0.0993974 12.8717 0.0963012 13.5015 0.101829 13.4509 0.0865833 
14.3276 0.103186 13.6503 0.0931067 14.1369 0.103397 13.3779 0.106341 14.7427 0.109048 14.0752 0.0985991 13.9408 0.122272 
13.8491 0.0814212 13.2547 0.0862801 13.1359 0.0958032 12.7548 0.102695 13.187 0.0984382 13.1272 0.0780849 12.3326 0.10238 
13.5184 0.0814474 13.3501 0.108676 13.0713 0.0948783 13.7461 0.104824 14.3226 0.0956035 14.2757 0.112632 13.6978 0.104172 
13.3982 0.0870334 12.9847 0.124502 13.5554 0.122285 12.2279 0.0944894 13.1859 0.0774355 12.7826 0.0771889 12.6121 0.0993795 
13.2998 0.110524 13.7689 0.0968325 13.6148 0.0997039 12.8767 0.102058 13.9306 0.0994016 14.1462 0.104675 14.1192 0.097024 
13.8897 0.0790773 12.9542 0.0814791 12.7553 0.0768066 12.7756 0.0801572 12.6473 0.0861374 12.6866 0.100899 12.3884 0.077237 
13.4111 0.106926 12.8619 0.101396 13.8214 0.0932615 12.5744 0.0919485 14.373 0.0952248 13.688 0.0982026 13.6009 0.101668 
12.8804 0.108692 12.9577 0.0733823 12.6143 0.0972891 12.2409 0.0906554 12.688 0.0861126 13.2462 0.0956263 12.0905 0.0876282 
13.6791 0.0936258 12.6829 0.101466 15.0844 0.0963092 12.5852 0.0963266 13.6247 0.0919209 13.0458 0.0924111 12.8459 0.0965656 
13.2049 0.0876627 12.4707 0.0817249 11.9815 0.0814778 11.7095 0.0908509 12.238 0.0798098 12.532 0.0806792 11.9922 0.0910927 
12.8365 0.0978247 12.2618 0.0890226 12.4093 0.0912519 12.2728 0.0929665 12.3525 0.111695 12.9881 0.100263 12.771 0.100812 
12.5193 0.100439 12.1984 0.103295 11.9268 0.092027 12.1649 0.100393 11.8052 0.0821222 11.75 0.0939931 11.5901 0.115344 
12.1366 0.143499 11.6686 0.13735 11.649 0.117597 11.2905 0.127656 11.6906 0.12497 10.3796 0.108015 10.0176 0.163837 
