15.6885 0.168965 14.7312 0.169255 15.3809 0.189202 14.786 0.141578 15.1154 0.143725 14.8889 0.150165 15.4087 0.263474 
14.9866 0.102484 14.9849 0.0975855 15.5866 0.112161 14.1833 0.0905294 14.5978 0.0875108 15.1955 0.107089 14.7269 0.0961404 
14.4044 0.115981 14.9753 0.10004 15.4126 0.103268 14.6375 0.0966353 15.285 0.102592 15.1256 0.106607 14.8947 0.0970456 
14.0193 0.103769 14.1138 0.0917815 14.7572 0.0910519 14.0223 0.0887118 13.7655 0.093577 13.9956 0.0898712 13.9653 0.0925679 
16.0384 0.0983819 15.3728 0.105465 15.5548 0.122903 15.6338 0.116631 15.6903 0.114477 15.4703 0.091093 15.5268 0.103483 
14.9372 0.0910133 13.7799 0.0913263 14.1628 0.0841284 13.976 0.107786 14.8013 0.115493 14.3094 0.0835779 14.2683 0.0814477 
11.2561 0.0720459 11.0098 0.0735734 11.4301 0.0725385 11.0256 0.0823499 11.1507 0.0829821 11.2413 0.07213 11.3295 0.0832888 
11.1632 0.0681834 10.8105 0.0688653 10.9227 0.0804044 10.3915 0.0662759 10.6449 0.058771 10.6486 0.0797799 10.3736 0.0797926 
15.1062 0.103645 14.7189 0.107825 15.7326 0.0939012 14.3692 0.123388 15.3504 0.121167 15.6492 0.112231 15.3841 0.098785 
15.4759 0.0977817 15.0227 0.0998782 14.458 0.0993744 14.9666 0.101158 14.5665 0.113078 14.348 0.0985769 14.4307 0.0926782 
15.151 0.0935094 15.1942 0.0978191 15.1011 0.103212 15.2652 0.114727 15.538 0.0960704 15.5455 0.0984678 15.3081 0.105871 
15.1988 0.103765 15.2421 0.101157 15.099 0.0898474 14.7151 0.09414 14.7658 0.101309 14.8629 0.113986 14.3648 0.107777 
15.2033 0.109237 15.6491 0.11393 15.4234 0.0995178 15.1816 0.0960835 16.0456 0.109428 15.1582 0.106607 15.4438 0.105136 
15.2457 0.0867191 14.3557 0.0891465 15.0523 0.099793 14.123 0.0948474 14.4269 0.0974798 14.9511 0.0979435 14.47 0.0932047 
15.756 0.101555 14.95 0.0983089 16.0533 0.102567 14.8729 0.107727 15.8804 0.107327 15.4992 0.102022 15.976 0.112062 
15.2814 0.0807184 14.1802 0.0819653 15.0953 0.104224 14.0574 0.0995604 14.4552 0.102908 14.3913 0.0953187 13.9462 0.101751 
14.8801 0.0976332 14.8982 0.0944239 14.1011 0.10063 15.4454 0.108107 15.7201 0.0939017 15.9121 0.121685 15.2483 0.100415 
14.5635 0.0912681 14.5789 0.0933151 14.8255 0.0990908 14.1105 0.094476 14.6276 0.0846294 13.8508 0.0936955 14.1723 0.104637 
15.0714 0.0888255 15.0606 0.099453 15.4094 0.102763 14.5062 0.0995052 15.2832 0.093621 15.1736 0.101419 15.5125 0.107198 
15.3389 0.0835791 14.6903 0.0870715 14.2581 0.0860224 15.0082 0.0856428 14.5263 0.0935769 14.6806 0.099712 13.7879 0.0900629 
14.9379 0.105453 14.7449 0.0996013 15.3261 0.0936968 14.3445 0.0913616 15.7877 0.0939602 15.3378 0.105167 15.2509 0.102697 
14.6906 0.0923071 14.5147 0.0762943 14.2167 0.0887285 13.6097 0.0812661 14.5729 0.0851175 14.0379 0.102046 13.5646 0.0824976 
14.7516 0.0890947 14.5085 0.0970896 16.7911 0.102856 14.0433 0.0894839 14.6711 0.0999626 15.1473 0.106978 14.794 0.0971275 
14.6519 0.0915589 13.665 0.0894777 13.9441 0.0888994 13.8641 0.0993857 14.034 0.0849393 13.7864 0.0805829 13.4838 0.0851484 
14.2181 0.100569 14.1296 0.110808 14.8442 0.104716 14.4528 0.0955807 14.3309 0.108184 15.2174 0.105798 14.8565 0.106383 
14.0981 0.0960948 14.1757 0.107352 13.9904 0.101802 14.375 0.102131 13.5158 0.0804795 13.4651 0.104824 13.199 0.104969 
14.0986 0.148765 13.3567 0.157858 13.6974 0.127495 13.1851 0.121063 13.587 0.125202 11.9611 0.120551 11.7995 0.178961 
