0.498888 0.571364 
20.8468 500.194 
-115.88 212.472 
41.1804 5.01274 
0.513695 5.01126 
29.5687 783.203 
24.6667 0.290898 
18.3333 1.74539 
20.5121 4.84442 
0.511102 4.59335 
17.0647 489.633 
6.33333 1.74524 
0.512125 4.84321 
5.27957 47.2635 
0.333333 47.2635 
8.54414 189.132 
0.508725 43.2793 
4.5137 5.01134 
42.5137 5.01126 
14.514 254.168 
26 14.8358 
23 7.56269 
0.510551 2.55485 
29 16.8706 
0.513697 3.56725 
18.6667 9.01706 
0.333333 9.01706 
15.6905 267.375 
0.515148 2.86811 
25.6667 3.49078 
0.512586 2.86559 
26.9594 997.447 
10.3333 4.07222 
18.5137 5.01173 
21.6431 530.095 
23.1797 4.97245 
10 0.872694 
34.5137 5.01165 
7.18036 5.01126 
0.513695 5.01126 
12 4.36309 
31.1804 5.01162 
14.3333 0.581746 
27.5638 847.457 
