0 7.29894 0.296699
1 6.72493 0.178168
2 6.87009 0.198777
3 6.69264 0.23335
4 6.83272 0.232643
5 6.61621 0.284699
6 6.62629 0.272928
7 6.6587 0.151786
8 6.15901 0.139834
9 6.74916 0.148769
10 7.02001 0.132631
11 7.0454 0.12198
12 6.66148 0.146502
13 6.64607 0.180689
14 6.81353 0.159717
15 6.88177 0.123875
16 7.33776 0.167119
17 6.35848 0.142463
18 6.45377 0.147868
19 6.7497 0.175963
20 6.04742 0.161524
21 6.95286 0.167244
22 6.65617 0.166849
23 6.65889 0.117949
24 7.20884 0.141286
25 6.31584 0.0870474
26 6.54308 0.0901596
27 6.60414 0.147982
28 6.59633 0.146961
29 7.31446 0.149694
30 7.09257 0.115313
31 6.6362 0.155333
32 6.68851 0.152879
33 6.57453 0.125299
34 6.65526 0.162658
35 6.32404 0.125894
36 7.15758 0.136928
37 6.45513 0.143261
38 6.92596 0.164257
39 5.82376 0.185432
40 7.00626 0.126102
41 7.38356 0.131991
42 7.02344 0.158981
43 7.10503 0.155349
44 7.17352 0.166378
45 6.9712 0.156807
46 6.71496 0.188906
47 7.04263 0.158882
48 7.11471 0.168497
49 7.06586 0.109772
50 7.4489 0.148118
51 6.96755 0.181703
52 6.91178 0.125456
53 7.24356 0.153055
54 6.32981 0.176864
55 6.97616 0.172243
56 6.80287 0.139532
57 6.36404 0.17982
58 7.16804 0.111521
59 6.58269 0.166076
60 5.73121 0.164441
61 6.74033 0.14411
62 6.73834 0.145484
63 7.28292 0.158395
64 7.18108 0.133576
65 6.04052 0.154323
66 7.06566 0.120859
67 6.54398 0.130292
68 7.15205 0.147531
69 6.75257 0.135298
70 7.2097 0.16086
71 7.09887 0.142836
72 6.7609 0.172765
73 6.22051 0.168591
74 7.70601 0.123758
75 7.09786 0.142939
76 6.76392 0.159914
77 7.31482 0.142796
78 6.46668 0.162235
79 6.81296 0.120061
80 6.97908 0.134882
81 6.60651 0.14488
82 7.35598 0.189417
83 7.47537 0.182295
84 7.19266 0.163131
85 6.44565 0.173191
86 6.70652 0.143101
87 6.91614 0.167618
88 6.99568 0.133073
89 6.81551 0.14626
90 7.02544 0.1412
91 6.68097 0.125431
92 9.77063 0.1578
93 7.1918 0.165408
94 6.18539 0.120043
95 6.9818 0.148767
96 7.00981 0.150143
97 6.99198 0.14868
98 7.17626 0.163712
99 6.88896 0.119527
100 7.18811 0.125094
101 7.55001 0.144805
102 7.28874 0.15667
103 7.58043 0.143143
104 7.22061 0.158392
105 7.09819 0.118563
106 6.74047 0.187279
107 7.03966 0.150157
108 6.22564 0.159603
109 7.72438 0.146603
110 7.07083 0.128002
111 6.99193 0.131714
112 7.31102 0.126704
113 6.48631 0.131423
114 7.2343 0.16883
115 7.10878 0.145082
116 6.58064 0.135418
117 6.9209 0.159642
118 7.36021 0.12914
119 6.25533 0.160233
120 6.87522 0.127945
121 6.2216 0.163336
122 6.84921 0.123205
123 7.04229 0.140995
124 6.66742 0.126101
125 7.45005 0.160186
126 7.42075 0.123537
127 7.48277 0.159311
128 7.37267 0.129307
129 7.55844 0.158761
130 6.44912 0.131922
131 7.74867 0.181727
132 7.34735 0.154847
133 7.41909 0.133346
134 6.85452 0.122377
135 7.50051 0.13741
136 7.07957 0.112541
137 7.52805 0.158381
138 7.32744 0.14313
139 7.23097 0.137714
140 7.26747 0.157045
141 7.02819 0.113057
142 6.90315 0.153764
143 7.36283 0.130977
144 6.66371 0.148614
145 6.7251 0.137275
146 7.08314 0.138958
147 7.17613 0.138431
148 6.86788 0.102838
149 7.14012 0.135898
150 7.02008 0.128434
151 7.0583 0.118882
152 6.38961 0.150094
153 6.94236 0.130059
154 7.36638 0.131356
155 6.22057 0.137309
156 7.35208 0.136957
157 7.11104 0.138006
158 6.52101 0.147891
159 7.30027 0.134066
160 7.20832 0.129656
161 6.94132 0.12812
162 6.58091 0.15868
163 6.38475 0.0875481
164 6.09998 0.0953735
165 6.35474 0.0817238
166 7.06676 0.141518
167 6.84481 0.121223
168 6.06607 0.0999058
169 6.17533 0.0887658
170 5.9944 0.0884361
171 6.40253 0.0921698
172 6.31185 0.110566
173 6.18074 0.102216
174 6.02928 0.0988948
175 5.92564 0.0944566
176 5.40172 0.108824
177 6.20047 0.104607
178 6.07059 0.100013
179 6.00534 0.0920154
180 6.10583 0.111369
181 5.54054 0.107736
182 6.37371 0.132897
183 6.22272 0.145397
184 6.19674 0.117713
185 6.5829 0.125615
186 6.43495 0.136617
187 6.53686 0.131134
188 6.3319 0.148411
