21.4536 0.243087 20.3484 0.196313 20.7461 0.228771 20.5017 0.177039 20.55 0.170122 20.8209 0.200297 20.17 0.259287 
21.0787 0.136521 19.2645 0.127913 20.8334 0.144143 19.7781 0.111496 19.8149 0.118326 21.0793 0.135978 20.3696 0.125726 
20.0338 0.133016 20.9732 0.126799 20.8069 0.130331 20.1854 0.116234 20.5824 0.125011 20.5444 0.140516 20.3064 0.132796 
19.3695 0.11973 18.4488 0.1182 20.2517 0.107347 18.6301 0.107116 19.5244 0.128416 19.2357 0.116109 18.6187 0.112965 
21.89 0.125436 21.0187 0.128205 21.7332 0.159834 21.306 0.151187 21.2493 0.140503 20.6339 0.10939 20.3355 0.126958 
20.5252 0.11589 19.557 0.119788 19.4883 0.107746 18.5592 0.122124 18.6625 0.14456 19.6481 0.11398 18.957 0.124157 
15.4288 0.097867 15.118 0.085955 15.7495 0.089057 15.26 0.0999793 15.1139 0.101281 15.9611 0.0951284 15.3212 0.0974806 
15.7037 0.0910807 14.7548 0.0889965 15.1233 0.101609 14.3312 0.0930793 14.9078 0.0813076 14.717 0.0978278 14.7028 0.0966066 
21.4444 0.129358 20.3405 0.130008 21.6011 0.119435 20.4438 0.141512 21.5307 0.134546 21.8646 0.146518 21.1842 0.119655 
20.5961 0.126238 21.0481 0.130591 20.4191 0.125928 20.5196 0.141782 20.6779 0.135867 20.4205 0.12942 20.1978 0.117842 
20.8126 0.126893 21.6549 0.12911 20.555 0.140353 20.5623 0.137626 21.5376 0.124365 21.5912 0.130613 21.3125 0.13162 
21.066 0.133453 20.5028 0.127891 20.7938 0.110876 20.485 0.113039 21.2404 0.1276 20.183 0.148235 20.576 0.145081 
21.0065 0.136513 20.1017 0.147764 21.5733 0.129452 21.5866 0.121818 21.6516 0.139625 20.9138 0.138014 21.3729 0.12744 
21.0641 0.102866 19.4258 0.128728 21.0542 0.12885 19.9299 0.122204 20.4135 0.123884 20.5958 0.12973 20.371 0.116911 
21.4214 0.141299 20.9983 0.118352 22.8826 0.14375 20.9373 0.129945 21.5333 0.142232 21.9409 0.136022 22.1284 0.141375 
21.4269 0.113748 19.663 0.1161 20.2064 0.128374 19.763 0.123002 20.2523 0.128609 19.9386 0.100915 20.1554 0.148106 
20.9549 0.114128 21.01 0.13006 19.8574 0.121247 21.6012 0.135018 21.8071 0.129694 21.8924 0.151832 21.7329 0.127501 
20.552 0.119689 20.1499 0.121975 20.0822 0.127909 19.9983 0.122047 20.0761 0.105288 19.677 0.109411 20.1655 0.127571 
21.0957 0.120492 21.1939 0.130259 21.3042 0.142028 20.2753 0.134079 21.3034 0.108055 20.488 0.131503 21.6626 0.137961 
21.4393 0.103829 20.8527 0.113144 19.607 0.107583 21.0338 0.111935 20.7987 0.126172 19.7665 0.133463 19.1924 0.102211 
20.728 0.136543 21.3446 0.136875 20.9058 0.119125 20.2644 0.128344 20.8896 0.12157 21.0497 0.128972 21.0245 0.134788 
20.4298 0.119452 20.6544 0.102021 19.2253 0.110222 19.3128 0.110526 20.4246 0.11592 19.249 0.126989 18.5488 0.107961 
20.2177 0.107437 19.0163 0.124037 22.8 0.127389 19.6464 0.110957 19.9637 0.123459 21.0612 0.138084 20.2799 0.112974 
19.6805 0.105331 18.6723 0.117513 19.2084 0.106971 18.4376 0.116561 19.6308 0.111152 19.038 0.109192 18.2199 0.109298 
19.1892 0.128724 19.3583 0.13042 20.5045 0.123779 19.9991 0.125933 19.8823 0.144459 20.5981 0.133672 20.7649 0.127668 
19.0523 0.116165 19.4257 0.128493 19.0448 0.124075 19.1326 0.126012 18.5217 0.114992 18.7541 0.124475 18.1619 0.127137 
18.9472 0.179613 18.588 0.175426 18.5635 0.149187 18.3504 0.153634 18.8031 0.154678 16.7636 0.146103 17.448 0.188898 
