22.3774 0.324218 
22.7062 0.249759 
22.1974 0.158212 
21.787 0.481586 
21.8682 0.158027 
22.6389 0.1858 
22.112 0.139778 
22.5492 0.187975 
22.1797 0.148461 
22.3789 0.18962 
21.8978 0.158497 
22.3902 0.180234 
22.0366 0.162497 
22.7004 0.185784 
22.1656 0.137618 
21.7933 0.189453 
22.3845 0.143104 
22.6306 0.196045 
22.77 0.144272 
22.0736 0.174482 
22.5281 0.209827 
22.6356 0.193447 
22.5729 0.13614 
22.9051 0.190327 
22.5922 0.139189 
22.422 0.180976 
22.3688 0.148056 
22.7203 0.176798 
22.4554 0.160363 
22.2263 0.199249 
22.2051 0.152775 
22.2557 0.178161 
22.1869 0.144593 
22.1228 0.163433 
22.3593 0.143979 
22.9933 0.210125 
22.3029 0.136683 
22.366 0.203508 
22.1434 0.158652 
22.3237 0.173738 
22.0003 0.147095 
21.9641 0.161311 
22.1715 0.139187 
22.2292 0.172296 
22.646 0.142837 
22.4791 0.17554 
22.2334 0.13794 
22.123 0.187998 
22.0942 0.133706 
22.3048 0.170466 
22.3999 0.186611 
22.5465 0.21041 
