10.1654 0.291756 
8.73175 0.22051 
9.29204 0.146665 
9.68995 0.15185 
9.89101 0.370904 
9.47436 0.182634 
9.84191 0.165318 
8.30678 0.203115 
9.57656 0.184482 
10.0585 0.187894 
10.2567 0.185649 
11.2817 0.219236 
10.8878 0.180075 
10.5883 0.219899 
11.0054 0.174522 
10.4195 0.176957 
11.2224 0.164481 
11.5077 0.244145 
11.1148 0.186088 
11.0171 0.215296 
9.98406 0.272304 
12.3294 0.255833 
11.5225 0.155523 
10.9933 0.190755 
10.8353 0.211547 
11.3682 0.161194 
10.6191 0.161153 
11.4055 0.212044 
11.4105 0.219905 
10.3504 0.197743 
10.7786 0.189116 
10.9361 0.211876 
10.1765 0.189189 
10.4515 0.172689 
10.5637 0.243687 
11.0524 0.21761 
11.183 0.198766 
10.4851 0.19645 
10.4614 0.291832 
9.92019 0.149845 
11.2298 0.212421 
9.8807 0.346809 
9.71499 0.174347 
9.53649 0.2412 
9.57743 0.196581 
9.49472 0.276945 
10.1418 0.210351 
8.95804 0.322056 
9.54899 0.12827 
9.27124 0.151542 
10.4461 0.327089 
8.91853 0.264252 
