11.8901 0.191243 10.3085 0.111338 10.6884 0.138253 10.44 0.115251 10.9465 0.126584 10.2183 0.114068 10.4232 0.211753 
11.0827 0.100644 10.1329 0.0878281 11.2426 0.0921158 10.1195 0.0822142 10.2051 0.08148 11.0363 0.0956419 11.2606 0.125469 
10.5548 0.11415 10.4514 0.0796176 10.6844 0.0821387 10.057 0.0754866 10.2228 0.0822736 10.8609 0.118785 10.4849 0.0890251 
10.4401 0.102386 10.1994 0.0783311 10.0985 0.0655849 9.63194 0.0603135 9.64009 0.0673386 10.0354 0.0787412 9.96755 0.0951477 
11.3983 0.0820391 11.12 0.0829752 11.2182 0.0838598 11.2188 0.09354 10.8813 0.0906909 10.7315 0.0708402 10.9916 0.0848449 
10.0836 0.0761258 9.86366 0.0652968 9.58235 0.0654815 9.66753 0.0754264 9.32555 0.0836016 9.9834 0.0626728 9.9688 0.0733122 
7.89128 0.0656552 7.46138 0.0586993 7.85707 0.0541639 7.56689 0.0623954 7.26573 0.119324 7.80492 0.0579623 7.69867 0.0772233 
7.87758 0.059499 7.45871 0.0514713 7.40667 0.0874204 7.22567 0.0593407 7.38819 0.0504278 7.41181 0.10559 6.34087 0.260105 
10.7052 0.0764343 9.78715 0.0580476 11.0662 0.0630292 9.71307 0.0614708 10.2183 0.0693126 10.7572 0.0768899 10.8856 0.0612163 
10.3423 0.0594035 9.85321 0.0704964 9.64672 0.0573323 10.0092 0.0614392 9.73696 0.0681818 10.1169 0.0713313 9.84089 0.0563622 
10.216 0.0659811 10.5897 0.0588579 10.2593 0.0624281 9.456 0.0679293 10.5576 0.0609953 10.0698 0.0603097 10.4022 0.0623487 
10.5718 0.0684605 9.99371 0.063958 9.85953 0.0508115 9.76432 0.0554369 9.9648 0.0621898 9.48334 0.0726471 10.0863 0.0683535 
9.94639 0.0666775 9.72618 0.0646618 10.2021 0.0634436 10.1178 0.0558254 10.2252 0.0618861 9.91328 0.0631661 10.4174 0.0659568 
9.94075 0.0523631 11.7813 0.066055 9.96995 0.0600874 9.50765 0.058883 9.3033 0.0560714 9.99253 0.0595226 9.54868 0.0530922 
10.7433 0.0629328 10.0147 0.0597756 10.4447 0.0632872 9.9753 0.0669613 10.5555 0.0657457 10.8982 0.0648229 10.4426 0.0677613 
10.2532 0.0514355 9.53534 0.0572434 9.8193 0.0597609 9.28338 0.0596582 9.82005 0.0629975 9.57961 0.0461214 9.3809 0.0677353 
9.8314 0.053928 10.0961 0.0610518 9.72253 0.0576198 10.2457 0.0685957 10.3849 0.0586447 10.728 0.069199 10.3669 0.0620069 
9.96482 0.0563754 9.84927 0.0557508 9.64697 0.060414 9.30648 0.0562718 9.71121 0.0481047 9.19813 0.0471399 9.31471 0.0570621 
10.0599 0.0538431 10.0908 0.059107 10.1495 0.0664904 9.70717 0.0693997 10.2939 0.054702 10.3543 0.0621426 10.2672 0.0660631 
10.5348 0.0567806 9.91015 0.0546542 9.6264 0.0522876 10.2042 0.0539025 10.2533 0.0624833 10.1383 0.06897 9.41595 0.0539983 
10.4552 0.0767403 9.77196 0.0647136 10.6472 0.0640834 9.77676 0.065636 10.5464 0.0624844 10.5828 0.0661156 10.4202 0.0723885 
10.3926 0.0645936 9.87429 0.0514579 9.18118 0.0554315 9.43117 0.061277 10.0656 0.0624296 10.0927 0.0695275 9.4046 0.0627307 
10.3347 0.0574289 9.39748 0.0633962 11.7383 0.0638777 9.73419 0.0509542 10.1304 0.0707479 10.6124 0.0820988 10.1572 0.0724737 
9.93247 0.0580701 9.42799 0.0604473 9.86523 0.0584191 9.62459 0.0675862 9.57583 0.0552332 9.62323 0.056765 9.39079 0.0603753 
10.3704 0.0761684 10.0803 0.0673481 10.294 0.0689375 10.2433 0.0632182 10.6383 0.0835589 10.3416 0.0661021 10.7855 0.0777576 
10.3934 0.0684882 9.92038 0.0789322 10.0669 0.0676918 10.5264 0.0689167 9.63169 0.0555089 13.5235 0.0868115 13.6224 0.0920716 
14.1157 0.0984296 13.942 0.111309 13.5498 0.0874106 12.9706 0.101339 13.4417 0.102601 11.8082 0.0807541 11.3228 0.0928981 
