21.7137 1.30218 19.486 0.346254 20.4315 0.639787 19.329 0.271452 18.7085 0.261111 20.0307 0.637352 22.6378 1.69382 
18.0072 0.154692 18.5539 0.161101 17.5138 0.177406 19.0443 0.131599 18.9913 0.165171 18.8525 0.202801 11.8405 0.0954583 
18.0779 0.164593 18.6229 0.160591 18.7628 0.211481 18.7469 0.137705 19.0109 0.193762 18.1768 0.168976 18.9185 0.170791 
18.2781 0.185979 18.5257 0.214816 18.7924 0.139214 18.7491 0.145723 18.3744 0.141569 18.5725 0.143359 18.3617 0.146379 
18.7031 0.184655 18.8597 0.17764 18.5499 0.175022 18.6026 0.249076 18.2652 0.203831 19.2621 0.149948 13.5321 0.0986668 
18.9916 0.128218 18.5465 0.162085 19.1252 0.189768 18.5024 0.230463 18.1589 0.188071 19.1862 0.176521 18.8212 0.1631 
18.9772 0.181215 18.9334 0.149035 19.3191 0.213608 18.8659 0.20505 19.3413 0.259924 19.5381 0.181372 19.4065 0.233574 
18.9576 0.151094 19.3528 0.184143 18.9449 0.223829 18.6659 0.225405 19.5437 0.169114 18.4441 0.184608 18.6678 0.213683 
18.5801 0.151395 18.3699 0.182801 19.0141 0.158649 18.0104 0.197152 18.874 0.194932 18.5634 0.236147 18.6413 0.142403 
18.9775 0.166022 19.5301 0.250295 18.6241 0.176225 18.4792 0.18528 19.0337 0.230111 18.592 0.19651 18.8681 0.188709 
18.9264 0.191438 19.0007 0.165665 19.1082 0.218159 18.3778 0.231889 19.2943 0.191244 18.995 0.182354 18.8701 0.248887 
18.8264 0.191989 18.7661 0.206927 19.2708 0.173575 18.9127 0.172001 18.7901 0.207079 18.9245 0.344068 18.2549 0.194109 
19.0072 0.250711 18.7055 0.202567 19.3171 0.328701 19.2072 0.172273 19.2348 0.22843 18.9303 0.267309 19.3034 0.254646 
19.4165 0.191579 20.2551 0.245838 18.7006 0.213928 18.5685 0.21641 19.2702 0.206735 18.6366 0.185842 19.203 0.174439 
18.3971 0.255891 19.3322 0.187299 18.5406 0.15848 18.6464 0.195278 18.4721 0.183733 19.211 0.189201 18.8371 0.218657 
19.463 0.172783 24.0609 0.950352 18.5469 0.213333 19.0001 0.208397 18.6888 0.185793 19.1016 0.132574 18.815 0.230383 
18.8155 0.149825 18.7114 0.162214 19.2498 0.242877 18.4832 0.20874 18.9705 0.219586 18.831 0.250647 18.7643 0.172523 
18.6734 0.169868 18.8649 0.183019 18.4507 0.213667 18.4812 0.173373 19.194 0.146959 19.0665 0.173811 18.5248 0.205693 
18.7417 0.18752 18.9614 0.175929 18.7761 0.227703 18.4247 0.164027 19.0654 0.212568 19.3666 0.229069 19.0386 0.236568 
19.4169 0.155008 18.7722 0.153692 19.4661 0.190584 19.2327 0.158722 18.6468 0.170715 18.263 0.170334 19.2924 0.153249 
18.1863 0.201259 19.0295 0.196405 18.8673 0.169033 18.5889 0.172782 19.2251 0.202011 18.9224 0.206926 18.5976 0.166576 
18.9223 0.162957 19.0337 0.136988 18.5392 0.152305 18.5474 0.15224 18.8173 0.149644 18.7414 0.210797 18.6865 0.149406 
19.2075 0.158091 19.0583 0.209064 19.2744 0.172821 19.6322 0.287997 18.8708 0.201765 18.6741 0.191471 18.9472 0.151838 
18.9996 0.150504 18.3967 0.154374 18.7752 0.15833 18.5751 0.198398 19.1831 0.183071 19.3254 0.157753 18.7732 0.156805 
17.9407 0.165274 18.5038 0.164375 18.1227 0.147621 18.7396 0.235367 17.7388 0.164358 18.236 0.160331 18.0983 0.156926 
18.2304 0.1626 17.4955 0.152935 18.398 0.194 17.8987 0.163197 18.5147 0.177153 18.0378 0.192538 17.7719 0.160647 
19.4646 0.42445 19.0054 0.391455 19.2203 0.35174 19.6858 0.393618 18.7771 0.254439 19.0136 0.291906 18.2605 0.315826 
