0 6.12993 0.152397
1 6.44693 0.133516
2 6.61917 0.0886168
3 7.08373 0.156037
4 6.54174 0.0863325
5 6.32 0.104972
6 6.58783 0.081672
7 6.58987 0.10698
8 6.49117 0.0853375
9 6.31838 0.10567
10 6.70525 0.0798289
11 6.49732 0.0979947
12 6.52712 0.0881171
13 6.5521 0.106025
14 6.69231 0.0878383
15 6.8714 0.107479
16 6.50856 0.0802944
17 6.47912 0.12604
18 6.1539 0.0878205
19 6.68095 0.115656
20 6.16488 0.140778
21 6.58406 0.10611
22 6.54192 0.0787674
23 6.55954 0.104134
24 6.51679 0.085069
25 6.50694 0.10091
26 6.73722 0.0826476
27 6.34809 0.107186
28 6.41608 0.0985162
29 6.62027 0.113405
30 6.71277 0.0885126
31 6.60096 0.109154
32 6.47737 0.0854469
33 6.61312 0.108568
34 6.41641 0.0948985
35 6.36831 0.10029
36 6.53139 0.0899741
37 6.66413 0.099654
38 6.31182 0.102597
39 6.82125 0.105368
40 6.7226 0.0835414
41 6.6808 0.0904378
42 6.48652 0.112241
43 6.6595 0.0988545
44 6.13946 0.0791325
45 6.52882 0.115958
46 6.62023 0.0799095
47 6.75031 0.116268
48 6.51118 0.0796673
49 6.55493 0.101715
50 6.3959 0.139379
51 6.41547 0.123149
