18.4269 0.232556 17.6767 0.173104 17.9414 0.213854 17.6885 0.17366 18.1682 0.184098 18.1935 0.198156 18.8798 0.269945 
16.3482 0.123737 16.9061 0.112608 16.5302 0.130737 16.694 0.113642 17.197 0.112401 17.1924 0.136185 10.2001 0.095239 
16.6088 0.144322 16.9934 0.124268 17.3202 0.121277 17.1321 0.11483 17.5895 0.136799 17.1431 0.127194 18.4548 0.160285 
16.1152 0.132082 16.5208 0.122054 16.6508 0.108011 16.4458 0.112189 14.9924 0.10215 15.0894 0.107825 15.4844 0.113096 
18.3202 0.123634 18.2215 0.139878 17.5771 0.122567 18.0641 0.155739 17.9762 0.152787 18.0691 0.124489 12.4817 0.0954249 
17.3037 0.116127 16.0309 0.123083 16.8088 0.115086 16.1967 0.134351 16.7704 0.14012 16.9853 0.112061 15.7242 0.113991 
13.4911 0.100496 13.1218 0.0877489 13.7518 0.104127 13.0131 0.0977635 13.813 0.112758 14.1315 0.0961595 13.4477 0.104342 
13.2405 0.087363 12.5398 0.0893758 13.0421 0.120838 12.0814 0.0881496 12.8282 0.0759432 12.815 0.102396 12.6987 0.105549 
17.8562 0.134403 17.4143 0.130449 18.3314 0.115581 17.275 0.137188 18.5649 0.132332 17.9817 0.150769 18.6867 0.126536 
18.3366 0.12368 17.0772 0.121011 17.11 0.125845 16.5677 0.130267 17.0998 0.127742 16.7157 0.126987 17.0009 0.122993 
18.3028 0.142643 18.0355 0.140771 18.3202 0.136365 18.1637 0.153614 18.1502 0.118966 17.7108 0.125479 17.7894 0.12423 
17.5919 0.135551 17.7261 0.125556 17.6134 0.107099 16.8703 0.11716 17.5457 0.145695 17.345 0.150872 17.2754 0.135079 
18.2016 0.138677 18.2013 0.134421 18.6932 0.134565 18.5376 0.121693 17.9464 0.141543 17.7986 0.14157 18.275 0.124346 
17.9819 0.108982 16.9558 0.125026 17.5785 0.133386 17.1322 0.117274 16.5122 0.107321 17.9477 0.124995 17.3962 0.107786 
18.4234 0.161491 17.5151 0.109953 18.5411 0.11912 17.1806 0.127083 18.4528 0.144321 18.8514 0.13142 19.1442 0.135821 
17.9378 0.10796 23.6739 0.187859 16.8605 0.132285 17.4918 0.121533 17.1243 0.130152 17.197 0.106875 16.654 0.13008 
17.5024 0.107012 17.7174 0.121926 17.5148 0.128057 17.8759 0.132132 18.5461 0.120964 18.8618 0.146505 18.2288 0.122398 
17.9751 0.120381 17.1826 0.130645 17.2801 0.145122 15.8438 0.116906 17.276 0.104279 17.0238 0.112269 17 0.121596 
17.8817 0.116127 18.0179 0.12851 17.6274 0.125305 16.9492 0.143187 18.5383 0.112257 18.8666 0.136796 18.2923 0.136812 
18.431 0.109801 17.2606 0.109324 17.0189 0.107303 17.6882 0.114386 17.8527 0.130097 16.7038 0.133942 16.4429 0.0929729 
16.8557 0.133489 17.0039 0.110699 17.9618 0.119694 16.4486 0.129643 18.9927 0.118834 17.7022 0.114922 17.3215 0.117691 
17.1231 0.118748 17.0084 0.0939132 16.3346 0.105315 15.9434 0.115568 17.1721 0.103242 16.7003 0.118828 16.0008 0.103805 
17.2556 0.107023 16.9973 0.132598 20.089 0.117343 17.2329 0.111122 18.1369 0.124856 16.9609 0.124615 17.463 0.124071 
16.6831 0.102383 16.209 0.116417 15.2994 0.10081 15.2502 0.106317 15.9224 0.103136 16.6314 0.105424 15.066 0.105757 
16.2701 0.130684 16.0584 0.123665 15.9107 0.112021 16.0922 0.114185 16.13 0.133623 16.608 0.117776 16.8807 0.143223 
16.0243 0.123829 16.4002 0.143598 15.6458 0.123774 15.7424 0.132025 14.8626 0.100152 14.8644 0.117948 14.7642 0.117177 
14.8023 0.158629 15.029 0.165352 15.066 0.175687 14.4475 0.148301 14.9567 0.154295 13.0317 0.12476 12.9684 0.134685 
