29.5045 0.383448 19.996 0.250277 23.4943 0.343076 20.2779 0.224735 23.6112 0.281202 29.5736 0.409668 33.4951 0.544058 
23.9792 0.202361 22.5499 0.190379 24.4567 0.232792 22.2948 0.159684 20.6426 0.17895 17.7996 0.16354 21.6549 0.181505 
20.8384 0.190261 19.2961 0.186051 19.0079 0.157543 23.0394 0.171035 18.9837 0.151251 20.4746 0.195506 18.6129 0.18797 
25.4043 0.221084 17.3148 0.149496 24.3518 0.163855 18.204 0.14461 18.4409 0.171079 23.8098 0.219275 17.1343 0.152084 
23.4695 0.187455 20.2667 0.18274 26.9479 0.261006 23.3519 0.215592 23.5749 0.243712 21.7463 0.168503 19.1662 0.166775 
23.0125 0.159719 21.0724 0.186115 20.038 0.156866 19.8144 0.183897 15.8035 0.156826 22.4376 0.162671 19.9523 0.16576 
14.3655 0.11916 17.9431 0.152143 13.6654 0.158998 15.1307 0.135823 15.5129 0.149711 16.5737 0.132764 15.4778 0.140068 
16.5584 0.127915 14.4227 0.127863 16.5951 0.148163 13.9312 0.111952 16.0168 0.112418 20.7913 0.189446 16.4206 0.146774 
23.452 0.221458 19.0127 0.187717 21.633 0.161036 20.6982 0.201134 21.6974 0.184361 24.6993 0.220706 24.6825 0.184767 
22.1393 0.196814 33.561 0.34527 24.6855 0.220084 22.3787 0.197959 23.1039 0.182212 17.8663 0.148377 19.6332 0.149449 
20.4554 0.17086 19.5882 0.185429 16.9397 0.143246 23.1836 0.230443 23.5907 0.192736 20.756 0.181254 23.54 0.220679 
21.7007 0.182021 20.5514 0.170877 22.1201 0.15725 20.2745 0.154364 21.3707 0.216555 22.1696 0.20825 21.4842 0.179846 
21.4957 0.200925 21.4083 0.185112 21.9414 0.18221 19.3524 0.151488 21.5248 0.182 23.4723 0.212484 25.1972 0.230806 
19.6159 0.134703 21.2581 0.150039 20.0866 0.171517 24.0041 0.202508 19.1968 0.167163 21.0089 0.173152 16.9669 0.125054 
22.9636 0.192332 22.1033 0.160908 23.6564 0.205538 21.9765 0.201855 23.1672 0.213394 22.5755 0.180545 25.9075 0.207952 
22.2889 0.157161 20.0166 0.165288 22.3517 0.203776 20.7094 0.182219 21.07 0.181372 20.8956 0.138368 21.0087 0.182912 
23.5343 0.189817 23.0852 0.189101 21.8352 0.175045 22.4946 0.194653 23.391 0.183064 22.4879 0.221888 22.3347 0.193609 
23.6789 0.170084 21.5396 0.159449 22.0503 0.197107 22.2773 0.186981 19.4133 0.137005 20.3342 0.139583 21.8162 0.185889 
22.3578 0.236029 22.3163 0.184773 22.5712 0.227813 21.5848 0.187469 21.9097 0.165377 21.6073 0.171576 23.4047 0.197553 
21.6145 0.153249 20.3811 0.147899 22.0439 0.154353 21.9365 0.163466 21.5796 0.180505 21.0412 0.177615 20.1432 0.13584 
22.7353 0.191891 19.9252 0.158065 20.938 0.160139 19.9492 0.163306 20.7832 0.163573 22.5472 0.183133 21.452 0.174727 
22.784 0.177883 22.054 0.144384 19.0241 0.151409 19.6391 0.145571 21.8774 0.158436 19.7704 0.162821 19.73 0.154612 
20.922 0.150223 20.4726 0.176663 22.9974 0.168972 24.4793 0.180018 23.9168 0.188177 23.1284 0.20249 20.182 0.164049 
19.9932 0.146247 18.039 0.148347 19.961 0.14531 18.7678 0.147484 19.4258 0.137624 19.9782 0.137085 17.112 0.146809 
20.2972 0.189608 21.3355 0.174457 22.1783 0.184927 20.5087 0.149646 23.5274 0.215273 22.5049 0.188477 23.6229 0.197409 
18.9977 0.168045 23.7422 0.229148 20.4332 0.181497 21.4725 0.199073 18.8904 0.143686 18.9443 0.183217 20.108 0.198877 
14.9015 0.219901 15.9818 0.188805 14.5261 0.156474 15.2416 0.188978 17.4719 0.203217 14.0609 0.183325 20.037 0.308924 
