27.3385 0.322553 
27.2832 0.311954 
27.2599 0.209735 
29.6718 0.300668 
28.9654 0.268604 
28.3429 0.269684 
31.0702 0.229496 
26.0282 0.223762 
29.2568 0.194125 
29.9205 0.272815 
29.5704 0.256972 
32.1041 0.271366 
32.0293 0.378748 
29.761 0.269115 
30.1073 0.220007 
30.3573 0.301757 
32.339 0.208772 
33.1873 0.331576 
30.4322 0.204448 
31.6749 0.247527 
29.531 0.326731 
33.8362 0.411635 
31.7107 0.207765 
31.386 0.253434 
30.4182 0.202821 
30.8701 0.309306 
31.1692 0.237666 
31.5496 0.269261 
30.9464 0.219461 
28.449 0.292799 
29.8792 0.273062 
30.8616 0.268469 
29.5984 0.23224 
29.026 0.222169 
29.3512 0.201588 
31.3022 0.252251 
29.264 0.186066 
31.1721 0.27081 
29.2287 0.226983 
29.0593 0.24524 
31.3307 0.228313 
29.5655 0.243582 
27.4794 0.243403 
28.5615 0.240337 
27.9001 0.172851 
29.8051 0.250905 
28.4459 0.192539 
27.8235 0.256018 
29.1158 0.248552 
28.7384 0.251312 
29.6198 0.269688 
29.9339 0.27464 
