17.3177 0.307904 
19.6662 0.258526 
16.8688 0.190039 
21.2514 0.217162 
19.8917 0.236235 
17.2669 0.183336 
18.352 0.367959 
18.5124 0.210409 
20.5908 0.21109 
18.0103 0.180963 
19.2618 0.269547 
19.2287 0.202552 
21.4631 0.381104 
15.8307 0.176634 
17.0571 0.193564 
19.7283 0.20449 
20.1709 0.215675 
18.5228 0.256634 
18.0708 0.195318 
19.2117 0.194098 
19.2268 0.422892 
17.7591 0.200069 
18.0937 0.256386 
19.8245 0.290195 
16.8523 0.169285 
21.2695 0.250159 
20.2251 0.205112 
17.7506 0.200729 
16.3638 0.198538 
22.0409 0.324487 
20.1178 0.22891 
18.2269 0.202743 
20.4106 0.186161 
18.7558 0.199542 
19.1498 0.180475 
19.9796 0.192781 
17.972 0.160469 
20.2338 0.246083 
20.7623 0.227843 
18.5111 0.220571 
20.5277 0.210013 
18.5096 0.185682 
18.5247 0.179831 
20.1806 0.200859 
19.0347 0.1734 
20.0854 0.195026 
19.9711 0.219592 
19.546 0.19852 
20.4738 0.146461 
20.5014 0.208857 
20.0705 0.315113 
37.0954 8.41068 
