95.7643 29.7965 25.8 0.149609 29.1242 0.234088 27.3983 0.147754 33.2848 0.2261 39.4972 1.03818 426.233 20.4884 
32.3087 0.180815 30.0115 0.120647 32.0167 0.155731 29.2016 0.101477 27.6747 0.101492 23.0989 0.0948461 29.4445 0.135962 
28.242 0.121098 26.2192 0.0925762 25.7544 0.0992035 31.0811 0.119275 25.9453 0.0965058 27.3547 0.109586 25.9276 0.099263 
32.7803 0.181473 24.2956 0.0989319 33.0031 0.126203 25.4941 0.0827842 23.5258 0.084139 29.5806 0.114084 22.7657 0.0803042 
31.1257 0.120275 26.6202 0.109324 32.5913 0.18555 30.328 0.146457 31.0856 0.150334 29.5244 0.100238 25.8354 0.105162 
32.1405 0.105718 27.831 0.105842 27.6912 0.0959367 26.1331 0.106505 22.6899 0.0950837 30.1246 0.104665 26.0562 0.0899407 
19.588 0.0710784 24.0731 0.0848966 18.6649 0.0668062 20.5327 0.0783453 21.594 0.0851449 22.3371 0.0759246 22.1378 0.0861762 
21.736 0.074782 18.9136 0.0700552 22.8598 0.0922606 18.4031 0.0714149 21.7367 0.0681487 28.3892 0.116125 22.1198 0.0891115 
31.8341 0.127733 26.4012 0.0986788 29.3347 0.0994601 29.088 0.128515 30.5879 0.130047 32.1899 0.163614 33.6333 0.138304 
30.4382 0.118328 42.4983 0.90719 33.9278 0.166612 29.4898 0.119777 31.2707 0.135108 23.8531 0.095991 27.5759 0.0938096 
28.1194 0.10902 26.6929 0.0944243 23.3605 0.0870807 32.2844 0.172336 30.5298 0.122033 28.0561 0.105118 32.2355 0.152758 
29.2698 0.122746 28.6678 0.113628 29.5479 0.110442 27.808 0.118138 29.6037 0.13104 30.0205 0.143838 29.3215 0.135478 
29.4722 0.127988 29.6953 0.130428 31.1649 0.127189 27.5074 0.0925686 28.3637 0.113661 31.6742 0.148619 33.9683 0.195796 
27.123 0.0824189 28.0695 0.128088 27.1941 0.102865 32.2224 0.139733 26.8818 0.0990512 28.5172 0.114054 23.9642 0.0823679 
30.7084 0.130701 30.2121 0.109675 31.294 0.126809 28.9877 0.116934 30.9274 0.136075 29.9735 0.123497 34.7189 0.223467 
30.5854 0.0993208 28.2127 0.102058 29.8456 0.135078 28.5751 0.113498 28.5503 0.122967 28.7046 0.0978112 28.5225 0.118128 
31.9403 0.11783 30.418 0.126896 28.7394 0.11441 30.1405 0.132085 32.2915 0.134423 31.1786 0.154028 29.3817 0.11779 
33.3927 0.14396 29.1026 0.11547 30.5101 0.128577 29.4691 0.124812 27.035 0.084748 27.7292 0.0902384 29.2266 0.116243 
30.4582 0.121976 29.4307 0.116007 29.4396 0.129178 28.7388 0.113172 30.313 0.102788 30.5915 0.125488 31.6974 0.153013 
28.6935 0.0996967 27.255 0.0916344 29.1382 0.10417 29.3645 0.10277 28.803 0.112201 28.2309 0.11585 27.2297 0.0843288 
29.8983 0.144331 26.2935 0.100657 28.2613 0.105711 26.5995 0.105879 28.6685 0.108182 30.5025 0.130346 28.471 0.112327 
30.395 0.119254 29.7949 0.0933646 26.1046 0.0912431 27.0438 0.0947866 28.7088 0.10305 27.5525 0.104328 26.5264 0.0939155 
27.7228 0.090271 28.312 0.118114 30.548 0.107024 32.9835 0.13011 31.8126 0.143438 29.7029 0.128258 27.0774 0.0914187 
26.5803 0.087239 26.6173 0.0963164 25.3884 0.0843883 24.6191 0.0966466 24.9016 0.0837073 26.8789 0.0857312 23.1382 0.0862591 
25.5881 0.10221 26.2575 0.102869 27.3164 0.10263 25.8108 0.0969142 28.7118 0.142025 28.1647 0.108216 29.8584 0.129838 
24.3499 0.10415 30.3875 0.142258 24.7354 0.10372 26.5364 0.10851 24.0679 0.0896775 23.3377 0.0989157 27.4281 0.127951 
19.1935 0.117272 20.1724 0.122516 18.7331 0.107137 19.1287 0.104982 22.0309 0.121839 17.4703 0.0906332 26.1605 0.169665 
