24.5378 0.269857 23.3184 0.22394 24.3091 0.253993 23.7903 0.225937 24.5737 0.203867 23.5739 0.255108 23.987 0.332175 
23.3584 0.157979 23.2973 0.128927 23.5418 0.150895 22.5173 0.118588 22.9388 0.144463 23.8179 0.155594 22.9996 0.141381 
22.9248 0.160526 22.9485 0.138798 23.1738 0.137946 23.1402 0.131899 23.6921 0.147475 23.2889 0.151602 23.1412 0.150168 
22.9845 0.140733 22.6866 0.138171 22.4762 0.121844 21.8009 0.119432 21.6405 0.129055 21.4725 0.1265 21.7799 0.122397 
25.6495 0.147207 23.9186 0.159376 24.5375 0.183027 24.2262 0.178126 25.0647 0.171686 24.0247 0.136844 24.2612 0.157558 
23.0862 0.124104 22.5451 0.132199 22.7305 0.130719 22.4386 0.151996 22.6587 0.153461 22.5834 0.124214 22.1376 0.122069 
17.617 0.106208 17.4871 0.100746 17.9809 0.107013 17.1693 0.110388 17.4816 0.119719 17.9712 0.106012 18.0852 0.111272 
17.5493 0.0998335 16.665 0.0903157 17.2515 0.112174 16.6818 0.101715 16.9548 0.0864182 16.6428 0.113446 16.7818 0.110241 
24.4768 0.151042 23.5208 0.153316 24.9506 0.132681 23.4252 0.15972 25.2217 0.168013 24.3473 0.174886 24.2714 0.138185 
23.9618 0.144026 23.0283 0.141061 23.2744 0.150555 23.2757 0.147694 23.236 0.148317 22.2444 0.176825 22.4812 0.131602 
24.3258 0.150473 23.9829 0.142855 23.9279 0.153664 23.311 0.163433 24.2489 0.136483 23.9449 0.142403 23.6907 0.146297 
24.0061 0.152332 23.0227 0.14504 23.4532 0.131981 23.3383 0.134816 23.6527 0.156917 23.4742 0.168518 23.255 0.172971 
24.2539 0.163093 24.4568 0.166689 24.5731 0.146394 23.8352 0.133758 24.169 0.159353 24.4046 0.155796 24.5573 0.150196 
23.7781 0.128001 21.5923 0.124656 23.6816 0.143113 22.8309 0.139568 22.4884 0.137649 23.5775 0.147304 22.783 0.128309 
24.693 0.150671 23.5693 0.140847 24.9764 0.145741 23.2823 0.151528 25.1496 0.154939 24.6191 0.154763 24.8713 0.171939 
23.8969 0.131048 23.3589 0.144293 22.9247 0.141683 22.8624 0.145677 22.6527 0.142247 22.921 0.118099 22.6838 0.149735 
24.0888 0.13334 23.7758 0.147314 23.3821 0.139402 24.0201 0.155151 24.7869 0.14404 25.0798 0.155381 24.603 0.151006 
23.3812 0.142311 22.9257 0.150529 23.3109 0.150594 21.9929 0.133127 22.5281 0.117362 22.4104 0.121972 22.7101 0.142877 
23.5575 0.142635 23.9947 0.151091 23.5598 0.149327 23.2042 0.140501 24.3114 0.142968 24.0935 0.155755 24.5482 0.150282 
24.4325 0.123176 22.971 0.126719 22.4903 0.119155 23.403 0.129768 23.2237 0.143004 22.9168 0.142842 21.6976 0.109204 
23.523 0.153647 22.6509 0.136172 23.9181 0.153497 22.6967 0.139669 24.5842 0.16105 24.1579 0.159898 23.2883 0.145092 
23.0385 0.131754 23.0203 0.109723 22.4924 0.129304 22.2096 0.153812 23.1859 0.135818 23.392 0.157573 21.5546 0.121684 
23.2875 0.128316 22.2277 0.130664 26.1152 0.13901 22.7466 0.119437 23.4346 0.141947 24.003 0.161598 23.1029 0.127442 
22.7046 0.124005 21.7292 0.123755 21.6432 0.11587 21.4701 0.130668 21.4775 0.136855 22.4947 0.11698 21.1596 0.129422 
22.4938 0.139886 22.1962 0.13772 22.6198 0.128578 22.422 0.140488 23.2884 0.155509 23.6264 0.142842 23.4876 0.152367 
22.4558 0.138213 22.9145 0.162207 21.9317 0.145665 22.8693 0.150131 21.3298 0.120444 21.1902 0.139449 21.1506 0.148042 
22.1446 0.200431 21.1227 0.184345 21.5708 0.177167 21.2699 0.1833 21.3022 0.191164 19.1366 0.162539 18.9074 0.187257 
