0 7.29065 0.297793
1 6.72108 0.17942
2 6.80663 0.19912
3 6.74125 0.233619
4 6.7883 0.235385
5 6.55435 0.287461
6 6.64336 0.273097
7 6.64467 0.153555
8 6.17578 0.139626
9 6.73107 0.149809
10 6.99925 0.132775
11 7.05233 0.12238
12 6.65472 0.147392
13 6.64716 0.178767
14 6.83963 0.160264
15 6.88275 0.124891
16 7.30165 0.1675
17 6.376 0.143572
18 6.42621 0.14838
19 6.76409 0.177228
20 6.02454 0.164239
21 6.94717 0.168627
22 6.64779 0.167266
23 6.67554 0.119078
24 7.22412 0.141617
25 6.30509 0.0876135
26 6.53414 0.090687
27 6.59109 0.148057
28 6.53497 0.14776
29 7.30711 0.15057
30 7.11281 0.116398
31 6.60782 0.156454
32 6.70708 0.153579
33 6.56686 0.125417
34 6.65627 0.161946
35 6.33382 0.126287
36 7.17827 0.137246
37 6.44392 0.144079
38 6.97028 0.165793
39 5.86906 0.187129
40 7.0029 0.126443
41 7.35376 0.133446
42 6.99535 0.159563
43 7.13454 0.156323
44 7.15132 0.168534
45 6.98022 0.157041
46 6.70467 0.189568
47 7.05628 0.159566
48 7.11243 0.168807
49 7.06505 0.110408
50 7.4241 0.149256
51 6.97116 0.181822
52 6.91262 0.125709
53 7.2201 0.153467
54 6.35737 0.177171
55 6.99616 0.17375
56 6.80601 0.140352
57 6.37089 0.180709
58 7.16669 0.112158
59 6.60494 0.166499
60 5.70311 0.16433
61 6.75969 0.145036
62 6.80268 0.145958
63 7.29583 0.158234
64 7.14587 0.134557
65 6.05565 0.155476
66 7.07756 0.121143
67 6.52407 0.130847
68 7.1907 0.148182
69 6.78991 0.136083
70 7.24338 0.162346
71 7.08937 0.144068
72 6.75018 0.17482
73 6.19749 0.169023
74 7.7156 0.124561
75 7.10055 0.144019
76 6.80795 0.164967
77 7.31137 0.14389
78 6.47449 0.164285
79 6.83035 0.120578
80 6.96454 0.135628
81 6.60469 0.145863
82 7.3086 0.189305
83 7.49331 0.184511
84 7.17406 0.16454
85 6.4347 0.173185
86 6.7131 0.143235
87 6.93606 0.168398
88 6.90066 0.134555
89 6.7645 0.14753
90 6.97662 0.142353
91 6.69142 0.126418
92 9.68251 0.159485
93 7.18246 0.167321
94 6.18265 0.120328
95 7.00235 0.148579
96 7.02182 0.15069
97 6.99497 0.149426
98 7.21818 0.164513
99 6.86417 0.120437
100 7.20866 0.126583
101 7.55535 0.145303
102 7.27037 0.157612
103 7.56251 0.143889
104 7.23937 0.159263
105 7.0726 0.119344
106 6.7372 0.188859
107 7.06499 0.151561
108 6.24644 0.159103
109 7.73392 0.14725
110 7.07384 0.12953
111 7.03604 0.13188
112 7.35454 0.127862
113 6.50441 0.131891
114 7.22256 0.171034
115 7.12932 0.146893
116 6.56643 0.136035
117 6.91733 0.160374
118 7.35176 0.130238
119 6.31083 0.161639
120 6.88245 0.128214
121 6.20891 0.165289
122 6.86407 0.123961
123 7.07803 0.141365
124 6.68727 0.126707
125 7.46985 0.161291
126 7.41721 0.124485
127 7.46925 0.160199
128 7.37513 0.12964
129 7.55952 0.159063
130 6.46361 0.132251
131 7.72482 0.182357
132 7.34899 0.156209
133 7.39409 0.134183
134 6.87281 0.122789
135 7.49006 0.138023
136 7.08526 0.112659
137 7.50274 0.159258
138 7.33287 0.14418
139 7.2293 0.138123
140 7.24307 0.157158
141 7.0347 0.113122
142 6.87357 0.155149
143 7.37051 0.131552
144 6.6652 0.149284
145 6.74551 0.138052
146 7.05744 0.139678
147 7.22858 0.139792
148 6.86133 0.103578
149 7.16218 0.136555
150 7.03386 0.129011
151 7.07138 0.119449
152 6.40411 0.151238
153 6.96008 0.130778
154 7.36039 0.13243
155 6.25212 0.137856
156 7.39427 0.137865
157 7.11437 0.138456
158 6.5168 0.149124
159 7.25548 0.135961
160 7.18542 0.1304
161 6.9162 0.129702
162 6.62158 0.159976
163 6.36886 0.0879879
164 6.11026 0.0958838
165 6.35721 0.0822224
166 7.06011 0.143518
167 6.84278 0.121959
168 6.0599 0.100898
169 6.17281 0.0887716
170 5.97653 0.0892905
171 6.4102 0.0927985
172 6.32384 0.110681
173 6.18116 0.102622
174 6.03538 0.0994356
175 5.93815 0.0949049
176 5.42182 0.108981
177 6.22823 0.105235
178 6.09207 0.100697
179 5.99464 0.0925248
180 6.0979 0.112046
181 5.53805 0.107749
182 6.349 0.133946
183 6.1997 0.146619
184 6.18989 0.118198
185 6.5648 0.12601
186 6.42119 0.1371
187 6.51734 0.132032
188 6.3279 0.14921
