13.0245 0.141427 
10.879 0.108623 
11.1329 0.0734766 
11.271 0.442472 
11.0954 0.083219 
11.007 0.090936 
12.0497 0.0755686 
10.2395 0.0839953 
11.7052 0.0736516 
12.0158 0.0886145 
12.1033 0.0921286 
12.3873 0.0964045 
12.1701 0.0801338 
11.6272 0.101207 
12.7368 0.0847553 
11.7195 0.102009 
12.8899 0.0757603 
13.3155 0.10788 
12.7712 0.0740353 
13.1581 0.105471 
12.8635 0.114355 
13.3987 0.108623 
13.5006 0.0803648 
12.6256 0.0962691 
12.7942 0.0775779 
12.4769 0.105402 
12.4774 0.0791179 
12.9968 0.112398 
14.1895 0.0880369 
11.9866 0.098556 
12.9216 0.0908294 
12.4377 0.0982738 
12.4338 0.0759404 
12.0149 0.0893124 
12.1398 0.0706711 
12.921 0.108835 
11.9337 0.0698744 
12.5303 0.100654 
12.3538 0.0830659 
12.1299 0.10967 
12.5897 0.0808095 
11.8269 0.0798524 
11.5904 0.0725186 
11.9077 0.0910459 
11.358 0.0696578 
11.762 0.0872324 
11.1976 0.0679646 
12.4085 0.0902026 
10.8634 0.0670792 
10.8334 0.0847766 
12.4308 0.112686 
12.2669 0.0974711 
