19.8068 0.314925 
19.7763 0.369746 
21.3416 0.170401 
15.9092 0.367185 
20.3455 0.137688 
19.0707 0.183427 
27.2783 0.173174 
18.6137 0.189266 
25.6281 0.167259 
20.3472 0.20583 
20.1848 0.148979 
21.5073 0.186515 
26.4509 0.196189 
16.4264 0.157667 
21.3581 0.138796 
19.7791 0.184403 
22.7611 0.138639 
23.7962 0.240912 
23.064 0.137987 
19.5278 0.174842 
27.642 0.28541 
19.6224 0.189661 
23.147 0.13219 
19.3903 0.196584 
18.5889 0.13325 
19.5687 0.225304 
20.0157 0.130808 
17.8941 0.179434 
22.8547 0.160134 
15.2438 0.161446 
16.1388 0.235261 
16.4087 0.172868 
22.8145 0.166262 
22.9026 0.197754 
21.004 0.162138 
21.4 0.195789 
21.809 0.158479 
16.8587 0.1494 
21.0915 0.175894 
17.8765 0.170063 
18.3676 0.138681 
17.9762 0.186241 
21.999 0.180472 
18.0971 0.188273 
20.8012 0.149929 
17.6458 0.1811 
20.3926 0.167689 
18.4314 0.195204 
20.6362 0.159757 
16.8142 0.158934 
20.6122 0.240849 
20.4852 0.255189 
