31.4252 0.364044 
29.0828 0.309906 
29.9363 0.22582 
34.7225 0.354276 
32.2186 0.263097 
28.767 0.250626 
33.6539 0.23351 
27.3538 0.235143 
31.3305 0.204259 
30.2616 0.263326 
32.6688 0.216664 
34.9777 0.281177 
36.2037 0.302774 
30.8593 0.256789 
32.353 0.218063 
34.3237 0.365899 
35.9259 0.236365 
35.2115 0.419058 
30.8122 0.20066 
35.153 0.292949 
29.4617 0.30123 
36.1691 0.339543 
34.4233 0.208207 
32.8674 0.274765 
32.1988 0.205565 
32.8892 0.258705 
35.292 0.246201 
32.6032 0.260682 
32.8355 0.216567 
32.2942 0.279298 
36.0572 0.258491 
34.883 0.347884 
30.8897 0.204248 
30.3299 0.25819 
29.9475 0.231043 
31.3485 0.239097 
29.5662 0.210209 
34.1883 0.257455 
30.0993 0.228346 
31.7226 0.254916 
35.0809 0.249936 
32.5322 0.244973 
27.6266 0.301695 
31.0011 0.251982 
28.1913 0.170576 
30.9853 0.382559 
31.5493 0.217117 
29.928 0.255147 
30.6646 0.20745 
30.2824 0.27198 
32.6005 0.344398 
32.0612 0.334963 
