9.34351 0.206472 
9.77786 0.13478 
9.39434 0.138638 
8.64442 0.129132 
8.44998 0.159229 
9.22035 0.121416 
8.28726 0.151059 
9.13142 0.121715 
8.61839 0.154814 
9.05516 0.123878 
8.09195 0.134416 
9.22819 0.134416 
8.50543 0.135019 
9.59099 0.13082 
8.27159 0.107991 
8.81132 0.136785 
8.02553 0.138894 
9.3998 0.121447 
8.20209 0.120281 
8.9436 0.112783 
7.88106 0.169407 
9.25171 0.114387 
8.60215 0.11816 
8.89073 0.10233 
8.33 0.109032 
9.01465 0.130484 
8.11309 0.101416 
8.8854 0.110504 
8.44175 0.129787 
9.1175 0.140932 
8.32001 0.119781 
8.72588 0.115161 
8.61305 0.12682 
9.44119 0.120984 
7.91674 0.127987 
8.83043 0.111221 
8.21015 0.123769 
8.75697 0.112373 
8.40377 0.12952 
9.22925 0.102536 
8.0227 0.112069 
9.50198 0.118716 
8.08885 0.129127 
9.21564 0.107955 
8.50327 0.104142 
8.66551 0.110952 
8.43503 0.137047 
8.65015 0.12901 
8.19248 0.0934787 
8.68838 0.090817 
9.66053 0.144206 
8.46741 0.111899 
