21.6738 0.301547 19.7598 0.234562 20.301 0.259777 21.3143 0.236272 22.6945 0.278579 21.1035 0.27362 19.7746 0.313557 
20.6393 0.168332 20.9071 0.159976 20.7501 0.185686 20.1791 0.151358 19.5922 0.144429 18.4204 0.151228 20.1183 0.165863 
19.8572 0.178098 19.7944 0.165584 19.8883 0.174508 20.6598 0.217028 19.9932 0.153857 20.1334 0.166707 19.0008 0.160182 
21.6168 0.223528 19.389 0.18404 21.0724 0.17617 19.8713 0.147069 19.1965 0.156994 20.8988 0.154922 18.3492 0.129651 
20.6115 0.15915 19.2326 0.168614 18.7827 0.157872 19.3063 0.213232 20.5967 0.17845 20.0686 0.136798 19.0383 0.16701 
20.3704 0.138624 20.309 0.162111 20.1518 0.159949 19.9276 0.177897 18.6106 0.156024 20.1765 0.16491 20.3157 0.151044 
19.9408 0.150708 21.6622 0.161912 20.772 0.156084 19.974 0.155916 20.4612 0.187119 20.567 0.148633 19.337 0.15838 
19.8771 0.164534 20.0583 0.169971 20.3591 0.191931 19.4466 0.155836 21.8844 0.145903 23.1271 0.212154 20.42 0.190889 
21.0093 0.179872 20.0074 0.191318 19.6003 0.136216 19.6547 0.187921 19.7708 0.155929 20.3037 0.185721 20.5161 0.155831 
20.5466 0.158155 19.7792 0.163921 21.5764 0.189941 20.1848 0.17341 20.3851 0.179101 19.0502 0.163394 21.0873 0.159981 
20.5084 0.180857 20.2013 0.157184 18.7124 0.158957 20.6035 0.215344 20.8513 0.153973 19.917 0.157667 20.5063 0.173414 
20.1774 0.181731 19.9988 0.166481 19.9153 0.141208 20.4888 0.172396 20.4826 0.181964 20.6812 0.206166 20.9774 0.201271 
20.4765 0.175895 20.2965 0.184323 20.4182 0.174119 19.8265 0.153972 19.8443 0.176329 21.3305 0.193025 21.2161 0.177772 
20.1037 0.142066 20.9778 0.162947 19.6022 0.17898 21.0551 0.164778 20.2501 0.165941 20.2371 0.169654 19.8927 0.163367 
20.2016 0.187939 20.5196 0.149477 19.9948 0.168763 19.3616 0.158686 19.8506 0.174606 19.7285 0.14926 20.6797 0.16889 
20.1286 0.134274 19.7834 0.160235 18.8037 0.170749 19.9166 0.177801 19.9526 0.166118 19.5423 0.153082 20.3607 0.179243 
20.2185 0.160862 19.4591 0.153221 20.2204 0.175733 19.6214 0.16493 19.7474 0.164247 20.1413 0.183078 19.9471 0.14701 
20.1314 0.153726 19.3646 0.1511 19.6954 0.200626 20.4266 0.16876 19.6279 0.13915 19.7601 0.138329 19.7944 0.164417 
20.3574 0.149587 20.1329 0.164912 20.0816 0.165788 19.8943 0.177116 20.679 0.154055 19.6464 0.164603 20.3789 0.171416 
19.7135 0.130711 19.71 0.146441 20.1742 0.150278 19.4379 0.139483 19.7263 0.165436 19.7951 0.180533 20.1046 0.139212 
19.6594 0.164778 20.1548 0.154269 20.7419 0.156741 19.8118 0.156056 20.4879 0.161653 20.4893 0.176991 19.7704 0.153362 
20.426 0.14884 20.2936 0.144568 20.38 0.146981 19.5789 0.137381 20.1278 0.158437 19.8339 0.169782 20.1945 0.155434 
20.427 0.147143 19.6298 0.170336 20.0604 0.14109 19.7012 0.134891 20.007 0.171203 19.7849 0.162843 19.6581 0.147958 
19.71 0.149574 19.3313 0.147539 20.517 0.142814 20.2057 0.159018 19.8766 0.149496 20.0257 0.132371 19.7745 0.14816 
19.7894 0.174751 19.8419 0.167561 20.7556 0.163649 19.78 0.144998 19.4081 0.190575 20.2101 0.159524 19.8259 0.15621 
19.5384 0.175709 19.7377 0.17102 18.7861 0.168526 19.7773 0.167685 19.6399 0.158148 19.8791 0.195262 19.3111 0.177411 
19.5959 0.23707 19.7729 0.238225 19.5419 0.237535 20.4174 0.227306 20.2161 0.233321 19.6317 0.21329 19.0993 0.225354 
