17.6111 0.325421 
16.961 0.266864 
18.815 0.151926 
13.6185 0.410273 
17.736 0.140322 
16.8913 0.18206 
23.6633 0.215862 
16.8539 0.188257 
22.424 0.150278 
18.4186 0.262917 
18.1145 0.145391 
19.2005 0.253109 
22.6727 0.190322 
14.7032 0.172257 
18.5893 0.138685 
17.109 0.165665 
20.1974 0.148737 
21.1124 0.23495 
20.335 0.132944 
17.8583 0.186531 
24.3108 0.325708 
17.2774 0.171112 
20.9705 0.135878 
17.3445 0.178818 
16.9026 0.124101 
17.1197 0.165632 
18.105 0.142172 
15.515 0.172868 
20.1242 0.216701 
13.7818 0.13712 
14.6605 0.134942 
14.5817 0.150912 
20.3498 0.158387 
21.1844 0.207985 
18.679 0.137633 
18.8672 0.203049 
18.9695 0.143745 
14.9095 0.162377 
18.6601 0.159774 
16.1295 0.17135 
16.444 0.13086 
16.5038 0.161433 
19.3134 0.154059 
15.9647 0.171161 
18.6607 0.14561 
15.9591 0.162971 
18.1356 0.156593 
17.0202 0.190999 
17.9827 0.153338 
14.8852 0.174125 
18.5352 0.326449 
18.0331 0.243906 
