24.683 0.254594 24.8795 0.252484 24.7619 0.305775 24.9776 0.230496 24.0388 0.216076 24.7124 0.241345 24.4235 0.330342 
25.1411 0.167435 24.9446 0.156301 25.0037 0.165453 24.8571 0.133018 24.9649 0.149066 24.7008 0.163949 24.6297 0.163504 
25.474 0.194957 25.0857 0.160554 24.6108 0.172046 24.9686 0.14484 24.7815 0.158473 24.8422 0.167709 24.3227 0.166036 
25.2475 0.178716 25.3898 0.168505 25.0876 0.139571 24.5629 0.142956 25.7121 0.175212 24.8146 0.169149 24.7828 0.150431 
24.6629 0.159189 24.4126 0.186388 25.2998 0.186223 24.8307 0.201712 25.0674 0.180093 24.7402 0.14669 24.5347 0.153047 
24.5412 0.136552 25.05 0.166478 25.1893 0.157214 25.347 0.176267 25.5539 0.197324 24.7768 0.152493 24.8723 0.146748 
24.8164 0.158531 25.2326 0.149975 25.3167 0.163831 24.7656 0.177549 25.0393 0.188777 25.343 0.162376 25.3858 0.159391 
25.0745 0.155885 25.161 0.156386 24.959 0.18784 25.4633 0.170558 25.1666 0.148606 25.3191 0.171753 24.6749 0.172674 
24.7889 0.17351 25.6368 0.175079 25.0635 0.146116 25.0484 0.183696 24.502 0.162378 25.0796 0.201866 25.0318 0.147805 
25.1226 0.159025 24.84 0.17001 24.9799 0.159812 25.2534 0.16572 24.9735 0.177859 25.4199 0.170411 24.8602 0.144887 
25.2218 0.171409 25.0404 0.154828 25.3069 0.17778 25.1217 0.181483 24.7476 0.146529 25.038 0.16942 24.8677 0.168616 
24.2623 0.165225 25.5075 0.169927 25.0114 0.143021 25.6682 0.152863 25.2724 0.170221 25.5124 0.201402 25.449 0.18234 
25.0581 0.177326 25.4934 0.168359 24.8898 0.167503 25.2528 0.16345 24.7685 0.167118 25.5378 0.173941 25.1349 0.169614 
25.1922 0.135095 31.5931 0.198534 24.7393 0.175563 24.9739 0.172085 24.6676 0.150963 25.0601 0.154306 24.9402 0.143334 
24.0661 0.151952 24.7433 0.156692 24.7761 0.155393 24.7738 0.178561 24.5584 0.217018 24.5845 0.154218 24.6345 0.171037 
24.5021 0.14485 25.274 0.171559 25.1368 0.17299 24.8493 0.171048 24.9946 0.176957 24.5376 0.130292 24.7931 0.165921 
24.2295 0.149511 25.5856 0.176645 22.8011 0.153073 24.6844 0.168355 25.1681 0.163313 24.4041 0.203938 25.0963 0.177826 
24.7067 0.151121 25.3024 0.16584 25.6494 0.169495 24.4467 0.174334 24.57 0.14478 25.2224 0.155864 25.0176 0.16679 
24.9531 0.156601 24.6101 0.163768 24.3019 0.172632 24.5809 0.163978 24.7903 0.147098 25.305 0.183486 24.1617 0.179685 
24.3723 0.133646 25.2032 0.155992 24.7283 0.145465 25.0177 0.151374 24.5747 0.217732 25.4961 0.193061 24.9589 0.136688 
25.0475 0.176763 24.7539 0.180113 24.5948 0.156036 24.3671 0.165775 25.0093 0.157516 24.6864 0.163758 25.4063 0.173375 
24.9435 0.147117 25.0539 0.131492 25.4094 0.147463 25.2305 0.160269 24.8892 0.151769 24.9245 0.178535 24.6894 0.149243 
24.8873 0.145061 25.0208 0.160364 25.1742 0.15218 25.034 0.143888 25.2827 0.166145 24.9653 0.179042 24.9222 0.145039 
24.5781 0.138278 25.0178 0.155952 25.1941 0.140164 25.5607 0.181707 25.3379 0.153555 24.8987 0.148269 24.7779 0.15547 
25.1716 0.170594 25.2321 0.163632 25.3007 0.165781 25.2035 0.158179 25.9633 0.198431 24.8959 0.177015 25.4857 0.179292 
25.1901 0.169698 25.3721 0.181343 25.1513 0.170682 25.5111 0.180564 25.306 0.15187 24.9002 0.181088 24.81 0.176137 
25.2994 0.252181 24.7398 0.256966 25.1504 0.214939 25.6685 0.229481 25.177 0.239736 25.0526 0.246828 25.1637 0.253478 
