24.2867 0.395476 24.1707 0.363953 24.085 0.32408 24.817 0.326082 24.5453 0.326256 24.6591 0.457722 25.0938 0.423147 
24.5825 0.236371 24.4563 0.235828 24.4205 0.237859 25.3953 0.213164 24.539 0.208294 24.2868 0.238421 24.8539 0.226948 
25.1619 0.249798 24.698 0.246483 23.9769 0.225133 24.9548 0.190658 24.9031 0.216021 24.6838 0.255393 24.5215 0.257777 
24.8658 0.239655 25.1275 0.24354 24.4452 0.216139 24.8456 0.196721 25.4899 0.252566 25.2186 0.223505 24.3337 0.209925 
24.7127 0.229838 24.9097 0.257212 24.4435 0.228558 24.9269 0.253358 24.8363 0.233439 24.4598 0.217011 24.7718 0.244382 
24.4583 0.183055 25.0324 0.23906 25.1941 0.1966 23.6595 0.237279 24.6222 0.24642 25.1417 0.230457 24.9713 0.212414 
25.1266 0.214563 24.8865 0.208978 25.0977 0.216901 24.9292 0.23067 25.1233 0.255363 24.6601 0.215725 24.6013 0.215789 
25.0547 0.204329 24.6 0.224369 24.9624 0.246442 25.3319 0.232122 25.0256 0.183913 24.7766 0.229211 24.9662 0.243314 
25.3733 0.249601 24.7912 0.233682 25.19 0.197511 24.8613 0.253671 24.5954 0.232662 25.3881 0.263087 24.533 0.216011 
25.1623 0.223391 24.0493 0.216785 24.8587 0.257842 25.3035 0.215314 25.4457 0.258342 25.4302 0.258367 24.8374 0.222487 
25.0044 0.221801 24.489 0.250369 25.2701 0.261559 24.9165 0.272998 24.5723 0.245952 24.6801 0.214538 25.1888 0.227725 
25.6442 0.24062 25.0869 0.22784 25.1607 0.210052 25.5682 0.215017 25.4253 0.232411 25.3064 0.265121 25.7259 0.250309 
25.5661 0.235755 24.523 0.258138 25.8428 0.240485 24.9917 0.214988 24.992 0.210186 24.9595 0.252594 25.426 0.231469 
24.6381 0.193613 27.3995 0.235839 25.9248 0.250565 24.6842 0.248034 25.0306 0.218547 25.9094 0.237879 24.6387 0.219218 
24.5193 0.225855 25.0908 0.207241 25.0373 0.234297 25.4003 0.242489 24.6894 0.250578 24.5432 0.23041 25.1866 0.235521 
24.4108 0.189366 25.53 0.210255 25.0316 0.232645 24.7879 0.216636 25.235 0.229415 25.0155 0.204608 24.9776 0.269367 
25.1469 0.192371 24.9566 0.226726 24.6773 0.244489 24.6774 0.252624 25.0408 0.234854 25.2122 0.240994 24.769 0.21978 
24.8087 0.205345 24.9905 0.203499 25.2466 0.247509 25.1192 0.234458 24.9781 0.198558 25.233 0.189565 25.0485 0.235095 
24.6788 0.207566 24.8847 0.238553 24.5584 0.256588 25.0329 0.242789 24.7407 0.223865 25.6179 0.230416 24.6396 0.234132 
24.9559 0.194145 25.057 0.203523 24.6918 0.192195 25.2132 0.203739 25.467 0.246316 25.2071 0.239745 24.7641 0.183654 
24.821 0.243432 24.8788 0.23218 24.8232 0.232318 24.7601 0.250415 24.5983 0.220423 24.9728 0.231037 24.6466 0.233986 
24.9861 0.217378 24.8466 0.199705 25.1872 0.225865 24.9151 0.223504 25.4378 0.206341 25.371 0.243981 24.3159 0.220048 
24.5691 0.197843 25.3696 0.236541 25.2406 0.212214 24.9282 0.207492 25.1331 0.229499 24.8266 0.240141 25.2114 0.204608 
24.6054 0.18943 24.0732 0.20469 25.041 0.198162 24.9594 0.255798 25.2935 0.224779 24.7434 0.193078 24.8547 0.216914 
25.1682 0.22477 24.2341 0.238735 25.3096 0.234012 25.0359 0.224854 25.262 0.258504 25.8066 0.247605 24.2424 0.220334 
24.6593 0.244982 25.7424 0.275753 25.1968 0.262533 25.7445 0.269184 25.3807 0.225506 25.1381 0.245505 25.2636 0.263943 
24.7755 0.348753 24.6561 0.348387 25.4862 0.339676 24.8695 0.351775 25.5606 0.361385 24.7947 0.318924 24.4094 0.381474 
