8.23516 0.150555 
6.3586 0.255097 
7.58538 0.0995518 
5.54791 0.215855 
6.47203 0.101631 
6.47802 0.132308 
7.58701 0.0993121 
4.93909 0.282474 
7.68616 0.106636 
6.13745 0.155895 
6.52126 0.0986243 
6.69095 0.156609 
7.6258 0.107545 
3.70767 0.682921 
6.83989 0.109866 
6.27146 0.258303 
6.76821 0.137179 
6.46139 0.214312 
7.74083 0.120149 
4.46657 0.833676 
7.41635 0.282793 
5.87444 0.202918 
7.70108 0.121221 
5.38964 0.521854 
5.97555 0.098166 
5.04244 1.43087 
6.29508 0.126341 
4.07015 0.989289 
7.34978 0.173467 
5.97008 0.238719 
5.28308 0.109793 
1.89135 1.75493 
7.14937 0.143124 
7.47192 0.203234 
6.00243 0.100515 
6.29257 0.313952 
6.5298 0.138364 
0.749572 2.13569 
6.33203 0.108549 
4.27171 0.741976 
5.71014 0.0823306 
6.07367 0.283525 
6.97236 0.106112 
6.42364 0.149346 
6.50026 0.122759 
6.08535 0.171056 
6.72158 0.0922062 
6.30671 0.162732 
6.31781 0.075353 
5.44502 0.105773 
7.16066 0.188579 
6.77774 0.169052 
