12.6343 0.176466 
14.1351 0.178386 
12.0428 0.121398 
15.8335 0.170973 
14.3937 0.155645 
11.9957 0.125891 
15.451 0.168734 
12.3829 0.134867 
15.947 0.155854 
14.0955 0.148967 
15.0654 0.168844 
15.3988 0.151563 
17.2472 0.18154 
11.267 0.11396 
13.9984 0.134632 
15.4062 0.15217 
16.6765 0.163781 
15.7109 0.16384 
14.6946 0.13916 
16.3216 0.157012 
17.0428 0.301674 
14.9744 0.137793 
15.512 0.139359 
16.3027 0.150517 
13.6316 0.124467 
16.7029 0.167413 
15.9837 0.146012 
14.942 0.131762 
14.4375 0.209388 
15.5179 0.147399 
14.8256 0.157653 
13.4018 0.126791 
16.5423 0.137307 
14.2996 0.130191 
15.3641 0.147215 
16.7862 0.133566 
13.8637 0.104507 
15.8693 0.159095 
16.7509 0.154448 
14.0626 0.128139 
15.7931 0.15437 
13.5493 0.117598 
13.7951 0.118913 
14.7257 0.127812 
13.884 0.122405 
15.1445 0.122934 
14.4164 0.149148 
14.7365 0.135393 
14.8793 0.118615 
14.3715 0.118984 
15.356 0.145526 
18.3077 0.319166 
