22.1883 0.280688 
20.9565 0.200806 
21.0565 0.144036 
23.4744 0.43269 
22.251 0.15134 
20.6987 0.175644 
23.1059 0.144182 
19.0249 0.14845 
21.7513 0.142729 
21.808 0.169093 
22.2507 0.25459 
23.6174 0.290127 
24.5151 0.168612 
21.3624 0.16728 
23.1635 0.145214 
23.4249 0.201221 
24.6782 0.157277 
24.9516 0.18724 
22.7411 0.136824 
25.1805 0.197254 
21.6696 0.194751 
25.6559 0.192616 
24.4073 0.141896 
23.2669 0.237798 
22.91 0.133572 
23.3093 0.177227 
23.8958 0.14392 
23.5761 0.20455 
23.8517 0.146494 
22.5273 0.18016 
24.4908 0.18109 
24.2007 0.184333 
22.3312 0.132398 
21.3774 0.166023 
21.6681 0.132499 
22.7218 0.155901 
21.2089 0.120235 
24.3831 0.196241 
22.0094 0.163515 
22.5737 0.18458 
24.0375 0.163319 
22.3927 0.160058 
20.5947 0.128461 
21.8607 0.15215 
21.0312 0.131594 
21.9329 0.138968 
21.4487 0.142422 
21.6232 0.161908 
21.3052 0.136626 
21.0458 0.151412 
22.6061 0.216254 
23.0113 0.279036 
