8.93746 0.275607 
7.91677 0.31418 
8.41794 0.134875 
6.22199 0.578431 
7.94359 0.183374 
8.11807 0.214119 
9.96647 0.205214 
7.37325 0.173435 
9.04491 0.408403 
8.19348 0.216377 
8.39535 0.162925 
9.4274 0.247081 
10.6869 0.18504 
7.03607 0.235992 
8.66682 0.169294 
9.04472 0.270687 
9.65428 0.231654 
9.82177 0.552439 
9.71186 0.245132 
8.94823 0.342223 
9.33624 0.396303 
8.35659 0.373683 
10.5125 0.229855 
7.91452 0.186114 
8.27164 0.238805 
7.94612 0.586713 
8.89008 0.220746 
7.5251 0.539002 
9.42876 0.248191 
4.19712 2.95234 
6.70926 0.294222 
6.78214 0.253348 
9.40001 0.320622 
9.1734 0.469521 
7.30689 0.342583 
8.11676 0.332555 
8.6266 0.208914 
6.3109 0.152079 
8.11258 0.212595 
6.94928 0.211472 
7.5317 0.187252 
7.44784 0.269566 
8.04109 0.178961 
7.88962 0.251093 
7.86032 0.155667 
7.34515 0.188506 
7.75671 0.14213 
7.34915 0.30403 
7.32741 0.148671 
6.66969 0.188906 
8.0809 0.234088 
6.82908 0.447726 
