0 4.23325 0.0190581
1 6.80503 0.01909
2 7.15236 0.00838702
3 7.86566 0.0267136
4 7.03775 0.00777643
5 6.57811 0.0106669
6 6.62171 0.00722847
7 5.90074 0.0114184
8 6.60138 0.00691278
9 6.64483 0.0107233
10 6.34325 0.00766715
11 6.82921 0.0106251
12 7.25217 0.00825778
13 7.25466 0.011563
14 7.66525 0.00786032
15 6.86129 0.0102419
16 6.27265 0.00704992
17 6.28216 0.0112254
18 6.69173 0.00661047
19 6.17231 0.0101037
20 5.80118 0.0106777
21 6.71633 0.0102413
22 6.22217 0.00650938
23 6.7595 0.0110204
24 6.55652 0.00739236
25 6.50749 0.0108951
26 5.53229 0.00781429
27 6.50226 0.0106768
28 7.01422 0.00809741
29 6.17136 0.0117598
30 5.81749 0.0119245
31 5.95497 0.0110524
32 6.6175 0.0076652
33 6.19466 0.00959849
34 6.88921 0.00792613
35 6.76059 0.0100545
36 7.59125 0.00767215
37 5.86822 0.0103954
38 6.78123 0.00867179
39 6.19256 0.0104621
40 6.3111 0.00837849
41 6.24934 0.0103574
42 7.88966 0.00851954
43 6.30358 0.0105749
44 6.39229 0.00772003
45 6.70381 0.01071
46 6.09506 0.00852844
47 5.4871 0.011525
48 6.52396 0.00867521
49 7.01046 0.0112
50 5.8317 0.0141462
51 7.13483 0.0138043
