19.1413 0.218676 16.6242 0.183514 18.0668 0.234319 17.6429 0.16608 18.3204 0.17751 17.9992 0.183343 16.087 0.28928 
17.756 0.129258 17.0021 0.114494 17.5058 0.125606 16.6932 0.101582 16.8752 0.104584 17.5867 0.125867 17.7902 0.123571 
16.8872 0.12052 17.2167 0.115468 17.7545 0.128007 17.5391 0.108805 17.5339 0.110688 17.5435 0.12428 17.5121 0.123457 
16.7359 0.115817 16.1061 0.107976 16.9667 0.0972882 16.3169 0.0963234 15.8681 0.114721 15.7827 0.0964401 16.2451 0.103753 
18.9908 0.12318 18.4736 0.141832 17.3539 0.1348 18.1159 0.153236 17.7979 0.133385 18.2564 0.118626 17.2618 0.111844 
17.5197 0.0998807 16.7733 0.112083 17.0239 0.103188 16.8194 0.125288 16.7258 0.132758 16.7146 0.0978116 16.2024 0.101444 
13.4711 0.0857711 13.073 0.0779172 13.648 0.0908085 12.8842 0.0980666 13.3598 0.101499 13.7605 0.0854179 13.4404 0.0916181 
13.117 0.0802782 12.4126 0.088156 12.8751 0.104821 11.9505 0.0832411 12.9425 0.0706704 12.9607 0.101591 12.353 0.0944405 
17.8897 0.121308 17.9339 0.127262 18.2319 0.111236 17.3989 0.13167 19.0433 0.144514 18.7671 0.1489 18.8575 0.115546 
18.1308 0.118399 17.4733 0.117758 17.9293 0.119621 17.435 0.122614 17.4949 0.114106 17.4238 0.123991 17.6061 0.117027 
18.2702 0.121622 18.7107 0.129755 17.9521 0.12091 18.0235 0.147946 18.0306 0.108989 18.3618 0.120972 18.0758 0.129047 
17.302 0.123357 17.9397 0.123094 17.6255 0.10665 17.7638 0.10822 17.7842 0.124208 18.089 0.142536 17.686 0.127084 
18.1244 0.129653 18.1883 0.134262 18.4681 0.137871 18.5515 0.128222 17.8405 0.121188 18.3247 0.129321 18.4175 0.116694 
18.5607 0.104338 16.1782 0.10409 18.1185 0.122814 17.0953 0.121303 17.1955 0.111748 18.1368 0.122453 17.5453 0.1031 
19.1756 0.126542 18.1209 0.118456 18.9163 0.12415 17.6889 0.122512 19.0854 0.147489 19.3424 0.13303 18.507 0.134884 
18.6645 0.101578 17.5665 0.11825 17.2029 0.122783 17.5254 0.114036 17.0703 0.112196 17.4974 0.141648 16.7747 0.116846 
17.8557 0.105498 17.8754 0.114557 17.7638 0.11907 18.1882 0.127652 18.5044 0.131581 19.4565 0.14051 18.302 0.126419 
18.0431 0.108444 17.3006 0.115496 17.6908 0.1219 16.6936 0.104187 17.4986 0.101623 17.4922 0.10383 17.2379 0.113632 
17.7997 0.109868 18.1658 0.124443 17.7378 0.123617 17.3411 0.119198 18.636 0.120994 18.1054 0.119713 18.362 0.136007 
18.5053 0.105038 17.6889 0.110368 16.9855 0.0993338 17.8411 0.105113 17.7173 0.127763 17.239 0.11748 16.5704 0.0896138 
17.5101 0.138985 17.448 0.123783 18.3731 0.139112 17.0438 0.112757 18.8233 0.131569 17.8322 0.117959 17.7511 0.12077 
17.5697 0.113875 17.6231 0.0946712 16.8033 0.0996039 16.2257 0.096744 17.3513 0.105051 17.4159 0.121529 16.2613 0.0979778 
17.1167 0.103512 16.2912 0.102064 19.8472 0.114643 16.737 0.0970143 17.3949 0.114862 17.44 0.124221 17.1653 0.101715 
16.3269 0.0955917 16.4446 0.106837 15.7662 0.0930914 15.2825 0.102671 15.5781 0.0948239 16.7527 0.0934516 15.6029 0.104053 
15.931 0.114532 16.1696 0.109424 16.131 0.101349 15.7195 0.100235 16.3822 0.127839 16.6886 0.109788 17.1276 0.121482 
15.3548 0.10325 16.0501 0.119645 15.2663 0.114752 15.6484 0.111521 15.4298 0.0971977 15.2928 0.108572 15.2179 0.120567 
15.0966 0.167504 14.8479 0.161141 14.8919 0.135903 14.945 0.134258 15.1331 0.145461 13.3839 0.125302 13.6577 0.161339 
