16.2418 0.480977 15.233 0.422549 15.2883 0.497635 14.3346 0.283058 15.731 0.455754 15.4801 0.454697 14.7767 0.426505 
14.3286 0.248557 14.8919 0.242805 16.1962 0.248891 16.0398 0.240057 15.3298 0.197822 16.0322 0.240392 12.7733 0.624655 
15.5139 0.233592 14.8962 0.237229 13.8283 0.205018 15.1681 0.201945 14.1613 0.20574 13.752 0.216673 15.4202 0.278571 
14.7249 0.278318 14.1091 0.237045 15.3584 0.2089 15.4603 0.215934 15.5595 0.273628 14.9916 0.222656 14.2564 0.229327 
15.0962 0.226023 14.6922 0.247742 15.8489 0.226702 15.0434 0.307808 14.9013 0.237233 15.2747 0.234983 14.1054 0.256298 
17.2431 0.226304 14.5128 0.208192 14.1529 0.20497 15.5 0.296261 16.1002 0.296413 15.5582 0.224656 14.1763 0.234206 
14.0405 0.19921 14.2242 0.231342 13.779 0.188763 15.3854 0.245635 14.0951 0.20421 16.1321 0.242211 15.69 0.333929 
15.209 0.208954 15.2148 0.223817 15.4185 0.358036 14.7579 0.226945 14.0762 0.175238 16.4966 0.279564 14.8907 0.342798 
15.1168 0.262706 14.0836 0.219777 15.9329 0.216293 15.1234 0.226224 15.1334 0.252882 14.9864 0.229253 15.0875 0.290245 
14.93 0.205819 16.0024 0.246609 15.1386 0.243384 14.2429 0.254389 14.9842 0.217948 13.3533 0.212128 15.041 0.262099 
14.8233 0.218446 14.8656 0.230667 13.4237 0.216525 15.4806 0.262052 13.9609 0.188748 14.444 0.191734 15.0601 0.280341 
14.3779 0.233728 14.7647 0.228365 14.9025 0.257825 14.4856 0.212658 15.1841 0.234266 14.295 0.25312 15.6995 0.326234 
14.4013 0.250305 13.9287 0.262473 15.5643 0.293301 13.505 0.19126 14.8166 0.232829 14.6604 0.223543 14.7954 0.298414 
13.0382 0.205155 15.9033 0.208795 13.7879 0.219968 17.1236 0.259496 14.4027 0.217287 15.5257 0.228619 14.9081 0.231051 
14.6158 0.22734 15.2321 0.227071 15.0484 0.237122 15.9882 0.234511 15.1697 0.229989 14.6365 0.200212 15.0715 0.332841 
15.8738 0.211551 14.4826 0.180445 15.1462 0.235686 15.64 0.218821 15.3892 0.240271 14.7957 0.154957 14.3145 0.255089 
14.7427 0.24202 15.399 0.225827 14.675 0.297749 14.8199 0.242818 14.905 0.218361 14.8633 0.252844 14.3201 0.26436 
14.0637 0.189645 14.5437 0.232393 14.5111 0.209395 16.1096 0.233599 14.3279 0.198647 14.6942 0.181479 13.2267 0.342126 
14.4906 0.205947 15.3168 0.24799 14.8504 0.221892 14.6681 0.208583 14.4349 0.175489 14.876 0.212483 14.3856 0.253943 
14.5021 0.179812 14.2237 0.202581 14.4246 0.226327 14.8113 0.209674 15.0381 0.254645 14.5908 0.360001 14.7894 0.215321 
15.1823 0.312965 14.9938 0.244229 14.5221 0.201556 16.0719 0.225141 14.4737 0.211167 15.4429 0.244612 15.5123 0.306527 
14.8311 0.215346 15.0745 0.179811 14.7192 0.206171 14.9718 0.191197 15.1928 0.185111 14.9079 0.20864 15.4952 0.256702 
14.8034 0.175163 14.8451 0.238095 14.4726 0.197153 14.3868 0.207512 15.8865 0.229816 14.8001 0.246788 14.2569 0.239854 
14.8349 0.178243 15.8711 0.231512 13.6977 0.179846 14.6801 0.22322 14.8115 0.227532 15.8238 0.215304 14.435 0.242207 
14.9358 0.231098 14.5666 0.223705 14.7459 0.226948 14.5027 0.219632 14.1161 0.229486 14.5113 0.192501 14.8412 0.230651 
15.1436 0.224334 15.0344 0.261017 14.3258 0.234059 14.7726 0.240607 15.1983 0.212906 15.1349 0.256437 14.434 0.227146 
15.8133 0.282215 15.4471 0.321897 15.0309 0.389694 14.5499 0.301999 14.8861 0.282327 14.7169 0.326413 14.2674 0.307869 
