0 6.213
1 6.58605
2 6.43725
3 6.56669
4 6.21425
5 6.04896
6 6.95357
7 6.19745
8 5.79666
9 5.84035
10 6.70246
11 6.85833
12 6.08019
13 5.97238
14 6.10509
15 6.48061
16 6.73484
17 6.13348
18 6.20657
19 6.05007
20 5.38346
21 6.61079
22 6.13834
23 6.44776
24 6.64985
25 6.10924
26 6.12129
27 6.0836
28 5.60344
29 6.68416
30 6.57381
31 5.96213
32 6.38312
33 6.19702
34 6.37821
35 6.18522
36 6.92586
37 6.49989
38 6.40851
39 5.80422
40 6.76788
41 7.00536
42 6.91003
43 6.57454
44 6.45353
45 6.86957
46 6.35193
47 6.29326
48 7.09018
49 6.80975
50 6.98329
51 6.53324
52 6.75705
53 7.09141
54 5.7582
55 6.52316
56 6.47075
57 6.24251
58 6.92081
59 6.7556
60 5.7561
61 6.66263
62 6.21152
63 7.00491
64 7.09685
65 6.38749
66 7.03549
67 6.63244
68 6.64065
69 6.45015
70 6.86613
71 6.78779
72 6.31977
73 6.63431
74 7.28813
75 7.07736
76 6.39011
77 6.8832
78 6.44919
79 6.90497
80 6.96003
81 6.64812
82 7.53769
83 7.1595
84 7.16423
85 6.61798
86 6.69713
87 6.92644
88 6.97185
89 6.9875
90 6.913
91 6.70415
92 7.56228
93 7.14923
94 6.38987
95 6.9548
96 6.68545
97 6.95423
98 6.85334
99 6.92511
100 6.94348
101 7.5257
102 7.02731
103 7.19314
104 7.28119
105 7.00374
106 6.65669
107 6.71882
108 6.28091
109 7.64075
110 7.14351
111 6.9654
112 7.30182
113 6.35699
114 6.78825
115 7.05074
116 6.61573
117 6.62866
118 7.37647
119 6.43147
120 6.40671
121 6.25751
122 6.97337
123 7.00678
124 6.6087
125 7.20179
126 7.19139
127 7.20953
128 7.20124
129 7.32588
130 6.29307
131 7.42657
132 7.39033
133 6.93057
134 7.02373
135 7.24088
136 7.04245
137 7.40258
138 6.90656
139 6.79085
140 6.93723
141 6.95132
142 6.61783
143 6.84509
144 6.39701
145 6.44916
146 6.63291
147 6.94132
148 6.57798
149 6.70938
150 6.85352
151 6.75705
152 5.86054
153 6.6109
154 6.88659
155 6.33198
156 6.60741
157 6.91405
158 6.06083
159 6.98049
160 6.98873
161 6.70552
162 6.45603
163 5.97215
164 5.95801
165 5.99776
166 6.67044
167 6.43302
168 5.50541
169 5.83208
170 5.79169
171 5.92694
172 5.59753
173 5.53453
174 5.42112
175 5.31889
176 5.66586
177 5.59773
178 5.55351
179 5.72472
180 5.30399
181 5.08302
182 5.86435
183 5.90458
184 5.68165
185 6.19331
186 6.11349
187 5.97221
188 6.16467
