17.8158 0.200599 
15.6235 0.170902 
15.6947 0.112256 
17.4042 0.325503 
16.1376 0.110691 
15.4666 0.130708 
17.4446 0.116284 
14.4726 0.134129 
16.5758 0.120368 
16.7383 0.128465 
16.9155 0.103718 
18.056 0.138608 
18.1293 0.128627 
16.2669 0.143967 
17.3689 0.114247 
16.9035 0.137632 
18.4619 0.119188 
18.7056 0.196676 
17.5615 0.122541 
18.8764 0.199729 
17.0762 0.172128 
18.8555 0.149943 
18.7094 0.115004 
17.6443 0.143507 
17.64 0.110035 
17.5376 0.143018 
17.6863 0.123268 
18.4171 0.148575 
18.52 0.169208 
17.1659 0.160527 
18.4902 0.136443 
17.5559 0.151811 
17.0402 0.103879 
16.6416 0.135568 
16.7076 0.110232 
17.555 0.129481 
16.5027 0.104644 
18.1544 0.149016 
16.9592 0.127866 
16.9537 0.132598 
18 0.119957 
16.8875 0.127118 
15.7532 0.111358 
16.3346 0.120076 
15.8545 0.0970165 
16.568 0.120167 
16.2435 0.106871 
16.4109 0.138294 
15.7623 0.106253 
15.6301 0.125741 
17.2768 0.270293 
17.1285 0.160971 
