17.6563 0.321564 
16.6449 0.315953 
17.3735 0.13992 
13.7949 0.409905 
16.6512 0.125334 
16.2169 0.166464 
23.0465 0.159799 
16.0275 0.186632 
21.5476 0.1486 
17.3715 0.17272 
16.915 0.126416 
17.6745 0.20484 
21.7242 0.172562 
13.1561 0.315733 
17.4501 0.27642 
16.5687 0.166188 
19.4171 0.138633 
20.1948 0.230499 
19.6775 0.129619 
16.7552 0.179933 
24.3344 0.243463 
16.0979 0.165489 
20.0776 0.140521 
16.3153 0.181019 
15.739 0.118195 
16.6039 0.182789 
17.3085 0.142357 
15.251 0.164433 
19.2331 0.158304 
12.5727 0.147668 
13.9581 0.127128 
13.8835 0.185117 
19.0017 0.141564 
19.7642 0.181205 
17.7584 0.137844 
18.1689 0.183835 
18.2579 0.151379 
14.4464 0.150029 
17.9435 0.159398 
15.2456 0.164185 
15.5103 0.134488 
15.6069 0.150681 
18.1959 0.161183 
14.8854 0.160258 
18.0229 0.141726 
15.0189 0.15925 
17.1925 0.140966 
15.9665 0.186805 
17.0954 0.148376 
13.7558 0.174522 
17.4956 0.304619 
16.5235 0.24183 
