15.2791 0.167817 13.0855 0.150565 14.2085 0.177941 14.4759 0.127058 14.3515 0.148069 15.2961 0.166435 12.6829 0.221322 
14.5307 0.0996264 13.9146 0.0873683 13.8082 0.0960354 13.8149 0.0753628 13.382 0.0776931 14.3942 0.101827 14.789 0.0997137 
13.7012 0.104122 13.5298 0.0850129 15.1325 0.0971016 14.5606 0.0928971 14.9762 0.0986558 14.6384 0.104408 14.4647 0.0976972 
13.3246 0.0906357 13.7094 0.102394 13.69 0.074057 13.728 0.0780508 11.2863 0.074714 11.5176 0.0739299 13.5488 0.0823288 
15.9252 0.0911386 15.1596 0.0998347 13.9573 0.106729 15.0415 0.108621 14.8613 0.1083 15.2844 0.0875938 14.5727 0.102494 
14.4886 0.0866042 13.4814 0.0862905 14.5197 0.0876215 13.952 0.0954732 14.4119 0.108752 13.5198 0.0741283 13.0421 0.081999 
11.0474 0.066666 11.0126 0.0704931 11.4932 0.0660078 10.9385 0.0747436 11.2256 0.0792977 11.2542 0.0742991 10.5674 0.0737868 
10.3951 0.0603142 10.4383 0.0616345 10.9285 0.0779083 9.53325 0.0677076 10.9112 0.0605842 11.1936 0.0790536 10.1065 0.0753076 
14.9505 0.0945731 15.1115 0.104621 14.8214 0.0839436 14.6162 0.111013 16.6464 0.10761 15.3436 0.103268 15.6133 0.0928619 
15.4743 0.0932875 13.8862 0.0881785 15.1052 0.0913785 14.0954 0.094366 14.2711 0.0944977 14.6013 0.0944318 14.8027 0.0912423 
15.4951 0.0951232 15.9855 0.0985051 15.7815 0.0991622 15.2221 0.106448 14.915 0.092462 15.3153 0.0953466 14.3959 0.0944534 
14.3175 0.0967159 15.179 0.0981413 14.3812 0.0882652 14.9564 0.0854255 15.2801 0.0979463 14.253 0.11532 14.6175 0.103228 
14.877 0.101698 15.6029 0.104779 15.8078 0.0980394 16.0395 0.0938188 14.632 0.0990404 15.0333 0.101484 14.8811 0.0917905 
15.6289 0.080705 14.3419 0.0845083 15.4621 0.0974377 13.995 0.0885459 14.6046 0.0983528 15.4138 0.0991591 14.603 0.0836559 
16.1345 0.101543 14.5101 0.0869197 14.624 0.093124 14.2826 0.0902039 16.0593 0.105239 15.3634 0.0917101 15.509 0.0996031 
15.0704 0.0791261 15.1796 0.0977043 14.2669 0.0989369 14.84 0.0937701 14.0719 0.0892199 14.3695 0.0862955 13.1721 0.0965002 
14.58 0.0868425 14.8821 0.0946295 14.4777 0.0945184 14.8453 0.0986742 15.6698 0.0979134 15.7664 0.106218 14.2394 0.0952813 
15.4613 0.0903983 14.2587 0.0877102 15.5107 0.0958672 12.9351 0.089046 14.6797 0.0801122 14.2052 0.0841751 14.094 0.0907902 
14.4205 0.0837327 15.1612 0.092663 13.8923 0.0949874 14.0116 0.0959961 15.6087 0.0902243 15.5425 0.0993068 14.887 0.0953029 
15.5987 0.0827597 14.2614 0.0871835 13.8166 0.0752831 14.2932 0.0776755 14.7768 0.0976124 14.0222 0.097563 13.6831 0.0897754 
14.1025 0.116511 13.5663 0.0882306 15.2763 0.0918128 13.43 0.0861898 15.8164 0.0965807 14.9516 0.0926989 14.7726 0.100951 
13.9169 0.0871167 13.9697 0.0716843 13.6079 0.0812124 13.0863 0.0779951 13.945 0.0822957 14.3354 0.0923146 12.8436 0.0904277 
14.3067 0.0917306 13.264 0.0866474 16.3523 0.087803 13.8071 0.0749591 14.6847 0.0962931 13.587 0.0945611 14.0148 0.0842362 
13.6385 0.0806718 13.3787 0.0887053 11.9424 0.0719879 11.3679 0.0757468 11.5904 0.067226 13.7508 0.0740861 12.357 0.0806579 
12.0563 0.0847255 11.8254 0.0860993 12.1386 0.0838876 11.7935 0.0790734 12.3976 0.0962334 12.2512 0.0803952 12.8245 0.0954751 
11.7158 0.0754692 11.7415 0.0944165 11.7024 0.0862132 11.6992 0.0814731 11.633 0.0754243 11.2412 0.0878555 11.2905 0.0945314 
11.664 0.114997 11.0315 0.105354 10.9866 0.106121 10.8632 0.10746 10.9545 0.122364 9.97459 0.100118 9.70968 0.150862 
