15.4612 0.168682 13.5559 0.116945 14.4062 0.132097 14.3595 0.137152 14.7823 0.147201 15.1098 0.165019 15.2562 0.197659 
12.9478 0.0919282 13.8513 0.085706 13.1488 0.0882426 13.4015 0.0755801 13.1613 0.079804 13.6361 0.0894129 8.37283 0.06766 
13.002 0.101583 12.8011 0.0772017 14.2053 0.0945756 14.2186 0.0864297 14.631 0.0963878 14.0184 0.0978599 14.7575 0.107723 
12.8155 0.089331 13.7465 0.0865248 13.0096 0.0763028 13.3536 0.0742535 10.2176 0.067347 10.8181 0.0702901 12.9776 0.0853304 
14.6768 0.0916678 14.5166 0.0914334 13.4551 0.0804068 14.1664 0.106161 14.5451 0.106932 14.6941 0.0873301 10.172 0.0679223 
14.1597 0.0754222 12.5581 0.0828557 13.5895 0.0805458 13.1731 0.0930954 13.9647 0.0932173 13.2931 0.0749292 12.3756 0.0746607 
10.6862 0.0674049 10.7831 0.0640723 11.2571 0.0678703 10.1312 0.0717847 11.5013 0.0791347 11.7701 0.0700681 10.5964 0.0714777 
9.90926 0.0608723 10.0129 0.0637326 10.7616 0.0759466 8.87021 0.0598064 10.588 0.0582242 10.5994 0.072379 10.0196 0.0794623 
13.7484 0.0941729 14.1331 0.0988043 13.7388 0.0771962 13.1863 0.0991655 15.5956 0.110794 13.7906 0.0969586 14.8373 0.0813333 
14.852 0.0867038 13.496 0.0842991 13.8219 0.0914146 12.5835 0.0807208 13.092 0.0813707 13.228 0.0839997 13.8671 0.080967 
14.6456 0.0968579 14.8007 0.0893936 14.96 0.0954473 14.2165 0.104105 13.9824 0.0800662 14.189 0.093234 13.6802 0.0929454 
13.5542 0.087999 14.0171 0.0923145 13.2848 0.0755473 13.6034 0.0828348 13.8134 0.0830324 13.2011 0.103868 13.7722 0.095834 
13.7019 0.0978484 14.5655 0.101487 14.6764 0.0937352 15.1935 0.085427 13.8702 0.0924493 14.0958 0.0960848 14.0491 0.0902426 
14.04 0.0720355 14.7243 0.0851997 13.8771 0.0880015 13.2391 0.08552 13.2961 0.082068 14.3996 0.0878275 14.0199 0.0797451 
14.7549 0.115274 13.5906 0.0796322 13.8174 0.0997322 13.0863 0.0829093 14.8958 0.0983842 14.3959 0.0897497 14.7076 0.108486 
13.9996 0.0739855 18.6829 0.160298 13.1212 0.0900609 14.0459 0.0878538 13.1133 0.0866527 13.6448 0.0735784 12.4628 0.0852718 
13.723 0.0769403 13.9219 0.0882809 13.9351 0.0955453 13.3411 0.0880465 14.7352 0.0904796 14.7433 0.0919112 13.6474 0.0843158 
14.6216 0.0864629 13.1594 0.0789708 14.4053 0.0905626 12.1118 0.0748968 13.7276 0.0691723 13.3695 0.0770707 12.9248 0.0883982 
13.2818 0.0773208 14.3596 0.0930946 12.8359 0.0836055 13.3646 0.0845354 14.836 0.0822924 15.213 0.0987601 13.9028 0.0947032 
14.6041 0.0800749 13.0382 0.0761337 13.0548 0.0718644 13.2467 0.071638 13.484 0.0808986 12.5403 0.0840856 12.9149 0.064194 
13.3634 0.0839516 12.4195 0.0775661 14.7059 0.085098 12.6905 0.0794646 15.3619 0.0883926 13.8908 0.0807078 13.6873 0.0828573 
13.4603 0.0821735 13.1416 0.0647215 12.6493 0.0717512 12.5496 0.0722848 13.2564 0.0699593 13.7476 0.0882879 12.83 0.0715732 
14.0243 0.0739336 13.263 0.0809645 15.6579 0.093443 13.7623 0.0844469 14.8311 0.0933276 12.7359 0.0813402 13.6666 0.0748795 
13.4396 0.0700287 13.0701 0.0791982 11.0586 0.0673696 10.8361 0.0732321 10.9141 0.0647953 13.7423 0.0780011 11.9843 0.0753984 
11.8689 0.0774717 11.36 0.0756177 11.6142 0.0807604 11.3215 0.0757597 11.6877 0.0869923 12.2327 0.086189 12.7043 0.0930138 
11.8004 0.0769496 11.6018 0.0897892 11.7277 0.0808439 11.5567 0.0868199 11.0625 0.0736527 11.0586 0.0862026 11.0905 0.0882055 
10.9578 0.119698 11.0598 0.0957477 10.8678 0.0911362 10.1454 0.0907097 10.6698 0.098523 9.51884 0.0956484 9.24303 0.0888509 
