29.7678 0.312144 29.4023 0.289417 29.6755 0.316728 28.0526 0.253921 27.5937 0.259058 26.7704 0.282029 28.213 0.41929 
29.9814 0.217878 27.831 0.163881 28.9421 0.228374 28.3235 0.165975 29.8632 0.182576 29.0199 0.208635 28.8119 0.185926 
29.4941 0.21626 30.5988 0.198946 28.4491 0.179989 28.1601 0.159594 27.931 0.160834 27.3354 0.176735 27.6588 0.17965 
29.6842 0.204487 26.8164 0.181296 30.8365 0.166963 28.2903 0.162417 33.3049 0.219519 34.231 0.216924 27.3793 0.171985 
28.3762 0.163216 29.6651 0.194484 30.8814 0.23959 28.7896 0.204125 28.9631 0.185476 28.1321 0.154047 27.48 0.17915 
28.5337 0.16227 29.0853 0.18106 27.3788 0.157251 27.7502 0.194625 25.7418 0.193301 29.9384 0.172803 30.0129 0.176103 
28.4574 0.178898 28.0754 0.167717 27.9979 0.165361 28.4259 0.198717 27.2449 0.198665 28.2665 0.17347 30.2978 0.20578 
31.0639 0.180266 28.8254 0.166565 27.7104 0.19472 31.4946 0.20781 28.0815 0.159906 27.5988 0.186297 28.751 0.21314 
29.3752 0.194157 27.0087 0.175664 29.7782 0.166963 28.714 0.20398 27.4623 0.18534 29.1988 0.218272 28.356 0.163409 
27.9845 0.170054 31.4413 0.203832 28.1441 0.180679 31.1703 0.198803 29.4217 0.192102 29.7835 0.194843 28.91 0.163418 
28.0411 0.177406 29.0889 0.197651 25.8823 0.181372 28.3853 0.206281 30.1582 0.191026 29.5323 0.190634 30.1683 0.189306 
29.3483 0.201121 28.1227 0.192122 29.5494 0.171507 29.0269 0.162619 28.8768 0.185636 29.255 0.234019 28.716 0.202797 
28.8262 0.198095 27.4229 0.180885 28.2367 0.187992 27.3432 0.157827 30.6107 0.211179 28.8064 0.192674 29.6627 0.191653 
29.317 0.160424 28.8194 0.184761 28.5315 0.186669 29.312 0.192474 28.8062 0.176262 28.0344 0.184286 28.0416 0.163833 
28.0211 0.179803 29.5324 0.183768 30.377 0.191424 30.2223 0.219732 28.4994 0.189425 29.3521 0.183648 29.3644 0.20327 
29.654 0.178771 26.3579 0.162198 30.0426 0.18757 26.5843 0.177887 29.447 0.206569 28.5958 0.15663 30.7524 0.213345 
29.9374 0.178617 28.6531 0.177384 26.9379 0.161389 30.6338 0.210357 28.3319 0.16718 28.9161 0.204686 30.8174 0.184699 
27.1709 0.17589 30.097 0.180519 26.9734 0.178092 31.3535 0.204254 28.2417 0.153907 28.2608 0.164594 28.9531 0.180342 
30.0697 0.186903 28.1714 0.187163 31.7455 0.205401 29.4536 0.197906 27.5312 0.183017 27.5764 0.176442 30.1096 0.201104 
28.1684 0.167048 30.1861 0.160989 28.8109 0.156298 30.1493 0.17089 28.9299 0.185315 30.4026 0.219781 28.4798 0.16092 
29.5376 0.21239 32.1704 0.204583 27.4389 0.168213 30.8306 0.200352 27.2253 0.163131 29.0209 0.191613 29.6161 0.186746 
29.8024 0.177721 30.463 0.154813 28.9403 0.169558 29.3816 0.190044 29.3478 0.178118 27.9123 0.185186 29.1213 0.179234 
28.376 0.169104 29.1791 0.186144 27.965 0.170074 28.5619 0.164765 27.314 0.175718 31.765 0.210911 29.4244 0.170468 
28.0574 0.156964 28.5212 0.185875 32.5861 0.17957 33.3945 0.207749 33.9446 0.197686 28.1255 0.15559 30.3326 0.197632 
30.5542 0.200581 32.2883 0.218716 32.325 0.207391 32.9249 0.206532 31.5756 0.227504 32.3897 0.207267 31.9771 0.223104 
31.429 0.203196 32.3128 0.227016 30.7007 0.202802 31.7195 0.220038 32.3177 0.196152 31.9364 0.218208 31.395 0.237831 
31.9129 0.30328 31.6065 0.312524 31.4352 0.276798 33.4677 0.280753 33.4987 0.293738 33.0801 0.306161 33.9339 0.36063 
