24.5292 0.34277 25.3912 0.303693 25.425 0.318913 23.8708 0.291838 24.4502 0.296994 23.3628 0.341497 26.5349 0.462752 
22.8003 0.212314 22.8633 0.177455 23.8163 0.225377 22.8927 0.154449 24.4156 0.179947 24.7231 0.246288 13.9405 0.118824 
22.6951 0.211896 24.6669 0.211509 23.4909 0.196635 22.6445 0.165556 23.5046 0.184044 22.9974 0.21646 24.4245 0.226363 
23.0253 0.230705 22.1801 0.192013 24.7518 0.20919 21.993 0.156659 25.0516 0.215838 24.8175 0.198067 21.2019 0.158169 
24.9431 0.212163 25.4856 0.216199 27.1867 0.232916 25.0344 0.241415 25.4242 0.248157 24.5978 0.164577 17.1994 0.148762 
23.7185 0.162424 22.8917 0.183545 22.2889 0.162447 22.4662 0.194155 21.407 0.201298 24.0991 0.183224 22.7679 0.181881 
18.3352 0.16017 17.6376 0.141981 18.2994 0.164488 17.7912 0.144089 18.175 0.168235 19.3758 0.15344 18.303 0.167211 
19.7185 0.148765 17.9477 0.146696 17.4821 0.151035 17.8758 0.146444 17.1389 0.133154 16.6648 0.146099 16.8904 0.146446 
25.3102 0.235384 23.3471 0.227928 26.9217 0.194589 23.2469 0.211689 23.8661 0.19665 25.4323 0.235322 25.1735 0.200565 
24.9488 0.198668 24.6137 0.199451 22.7803 0.186466 25.0108 0.198824 24.1302 0.202083 23.6013 0.215589 22.93 0.169348 
24.7513 0.214299 25.1677 0.192577 24.2114 0.206536 23.6014 0.197472 26.09 0.185497 25.0825 0.204291 24.3003 0.414376 
25.154 0.221373 23.7401 0.233571 25.3964 0.200584 23.6787 0.179743 24.2795 0.201745 23.8974 0.232639 23.0911 0.216779 
25.3234 0.24981 23.7573 0.197219 25.312 0.193274 24.2657 0.195372 26.2067 0.241419 24.4506 0.198351 25.9439 0.246123 
24.5197 0.17991 25.8685 0.207416 24.5751 0.221544 23.6954 0.179685 23.3527 0.187541 24.4857 0.193906 23.8186 0.192339 
25.2012 0.195525 25.1343 0.189266 27.1617 0.229317 25.2266 0.212739 25.7336 0.21041 26.6605 0.223407 26.4225 0.236096 
25.4071 0.168014 30.1768 0.26398 24.2169 0.219805 22.5983 0.18595 24.424 0.19954 23.6847 0.166776 24.8465 0.214683 
25.6312 0.198736 24.6017 0.200851 23.6182 0.207024 25.2389 0.265604 25.4872 0.193558 25.6685 0.234242 26.6162 0.230126 
23.3084 0.200453 24.4065 0.200967 22.9077 0.19828 23.5239 0.198478 23.1497 0.168572 23.1519 0.176802 23.0324 0.192222 
25.6797 0.194553 24.4752 0.194558 26.5534 0.226648 23.996 0.204974 25.1818 0.188651 24.8046 0.209284 25.7614 0.235266 
25.6283 0.18481 24.3242 0.183258 23.2102 0.183834 25.6912 0.178647 24.5401 0.213261 24.04 0.218345 22.32 0.155527 
23.3489 0.19711 25.4345 0.192106 23.4993 0.188868 24.4259 0.206564 24.7241 0.181887 25.1306 0.229431 24.137 0.199727 
24.9432 0.227256 24.6361 0.160026 22.6698 0.176919 22.8538 0.176908 24.2807 0.180461 23.3519 0.195496 22.54 0.170821 
24.4807 0.170862 23.1678 0.191763 27.7778 0.211874 23.4095 0.171923 24.5198 0.200618 26.0434 0.275596 24.8695 0.184233 
23.4637 0.17702 21.875 0.180024 24.6851 0.198821 24.2618 0.205794 25.7677 0.196534 22.984 0.163989 22.199 0.174566 
25.1736 0.213693 25.3153 0.189647 25.2289 0.205154 25.7613 0.22427 26.1262 0.242734 26.779 0.24433 25.7725 0.216249 
24.907 0.21459 24.4724 0.239783 24.731 0.221849 25.128 0.234102 23.4944 0.188357 23.3414 0.236748 23.1276 0.218547 
24.4554 0.300797 24.0187 0.32519 23.9336 0.25142 24.8127 0.276627 24.24 0.280449 21.4213 0.248235 20.7451 0.262433 
