20.4662 0.27933 19.6117 0.204905 20.7647 0.248877 19.2536 0.172645 19.7226 0.208176 19.9078 0.241097 20.9854 0.297402 
18.2272 0.135579 18.5353 0.13875 18.8544 0.15833 18.6143 0.115908 18.7811 0.142233 19.3637 0.145911 11.4686 0.0949841 
17.9502 0.146999 18.937 0.133902 19.4832 0.154369 18.3085 0.115021 19.5053 0.134055 18.8328 0.150449 20.0275 0.163171 
17.9815 0.144499 18.0372 0.139897 18.7337 0.127596 17.69 0.11824 17.702 0.129658 17.7844 0.128628 17.3005 0.119915 
20.6677 0.144024 20.2328 0.147017 20.0052 0.150746 20.1252 0.174664 19.9004 0.15771 20.0391 0.12446 13.7079 0.113955 
19.05 0.120783 17.8799 0.132584 18.3228 0.136685 17.7348 0.13756 17.7038 0.144047 18.8306 0.133534 18.0534 0.121554 
14.746 0.102026 14.1222 0.101328 15.0045 0.102071 14.1254 0.13497 15.0757 0.12936 15.3506 0.0979136 14.7637 0.109572 
14.7899 0.103427 14.192 0.106124 14.2066 0.119241 13.4961 0.100082 14.1487 0.0942268 13.7054 0.117707 13.4059 0.116629 
19.718 0.150892 18.8943 0.157481 20.4106 0.133729 18.469 0.155963 20.6555 0.167212 19.6256 0.174868 19.6309 0.131275 
19.9037 0.137245 19.7776 0.14416 18.5884 0.14104 18.6931 0.141092 19.1516 0.139902 18.204 0.148465 18.3351 0.131649 
19.4707 0.159465 20.0381 0.140379 19.9249 0.144794 19.8702 0.166878 20.1297 0.148177 19.8866 0.149094 19.5554 0.162806 
19.575 0.146777 19.2332 0.148692 19.3719 0.151729 19.0172 0.133572 19.4479 0.152508 19.3367 0.163748 18.6483 0.150617 
19.9888 0.157665 19.7177 0.165237 20.2824 0.140008 19.898 0.134504 21.0715 0.15903 20.3213 0.160087 20.6635 0.153934 
19.6686 0.127958 20.2711 0.146488 19.5798 0.143358 18.8296 0.139815 18.5136 0.136664 19.4666 0.161599 19.0985 0.134027 
19.5616 0.155612 19.7692 0.124007 20.5943 0.141266 19.3876 0.15394 20.6884 0.169654 20.9511 0.14548 20.6786 0.154701 
20.148 0.122154 25.3018 0.185215 18.7554 0.147658 18.3139 0.148214 18.8514 0.151371 18.9244 0.112307 18.1885 0.132745 
19.3528 0.134815 19.1075 0.152215 19.3343 0.143428 19.5713 0.157459 20.4633 0.144953 20.4212 0.161804 20.2083 0.142035 
18.7447 0.142365 18.6937 0.15373 18.9363 0.148867 17.7773 0.128862 18.518 0.121054 18.4165 0.120195 18.3038 0.143965 
19.7797 0.133054 19.8111 0.153592 19.7312 0.152084 18.9356 0.141845 20.2375 0.146377 20.3102 0.147733 20.2565 0.149848 
20.3928 0.118158 18.7693 0.139689 18.5058 0.124759 19.5902 0.129223 19.4179 0.147514 18.4602 0.149934 17.9493 0.108132 
18.8664 0.141001 18.9188 0.145293 19.7954 0.13562 18.5336 0.137146 20.3718 0.141914 19.5503 0.152618 19.2697 0.133685 
18.9599 0.13962 19.0239 0.121933 17.7469 0.113183 17.6408 0.126343 18.7807 0.137649 18.5411 0.143282 17.638 0.116597 
19.3123 0.116666 18.298 0.136872 21.7753 0.131485 18.7711 0.145081 19.6973 0.144914 20.0351 0.151994 19.5583 0.128462 
18.8766 0.119392 17.4232 0.127809 18.0448 0.122124 17.3033 0.133607 18.2025 0.120714 18.5269 0.112377 17.1802 0.11284 
18.6889 0.143982 18.5455 0.151855 18.8714 0.145905 18.3494 0.138846 18.4678 0.162354 19.2359 0.141856 19.0705 0.150508 
18.1632 0.136387 18.2242 0.161247 17.7571 0.13613 17.7078 0.140296 17.2738 0.121456 17.3223 0.141482 16.9021 0.135741 
17.877 0.177606 17.813 0.193057 17.4761 0.175535 17.3367 0.16924 17.4826 0.166319 15.6924 0.154718 14.9469 0.157736 
