23.9864 0.311685 
24.9358 0.273966 
24.7238 0.165581 
24.5787 0.479241 
25.0404 0.178037 
24.6893 0.205414 
24.744 0.168324 
24.5494 0.252045 
25.1407 0.175164 
25.1085 0.193795 
24.7709 0.179717 
25.1896 0.19021 
24.9215 0.181815 
25.0031 0.196491 
24.7445 0.154783 
24.8012 0.203126 
24.9535 0.167162 
25.1254 0.19682 
25.1466 0.152581 
24.6456 0.176491 
24.8009 0.224346 
25.2183 0.199464 
24.7741 0.15216 
25.2272 0.187168 
24.694 0.154834 
24.6902 0.203853 
24.8527 0.165923 
25.4575 0.205041 
24.8132 0.168183 
24.4098 0.249355 
25.1477 0.184958 
24.8921 0.21681 
24.4651 0.152915 
24.6734 0.195999 
24.5755 0.149734 
25.3189 0.164508 
24.5396 0.145827 
24.8627 0.201664 
24.668 0.189515 
25.2365 0.190511 
24.7582 0.166325 
24.8925 0.15849 
24.8094 0.161997 
24.6091 0.188455 
25.0476 0.150781 
25.1946 0.181688 
24.4023 0.15642 
25.0418 0.214764 
24.8273 0.169661 
25.077 0.195554 
25.047 0.249784 
24.6082 0.217491 
