16.2266 0.164871 
13.9704 0.134338 
14.0725 0.0905215 
15.8002 0.199033 
14.3034 0.0927051 
13.8534 0.103609 
15.2931 0.101867 
12.6747 0.127147 
14.8761 0.090823 
14.9352 0.124361 
15.2082 0.117016 
15.8012 0.135532 
15.6654 0.112808 
14.3848 0.141982 
15.6615 0.101397 
14.7472 0.143723 
16.3704 0.0914858 
16.6315 0.123662 
15.7565 0.0992374 
16.7379 0.13987 
15.3192 0.135897 
16.7905 0.145875 
16.6643 0.098952 
16.0868 0.122398 
15.8038 0.0985782 
15.7356 0.116532 
15.9957 0.0990368 
16.2421 0.118912 
16.8981 0.0984605 
15.08 0.123824 
16.7628 0.109176 
15.8845 0.125194 
15.2035 0.111624 
14.974 0.120802 
15.0174 0.0943631 
16.1683 0.115115 
14.6386 0.0830152 
15.7803 0.123487 
15.3854 0.105239 
15.3828 0.129381 
16.0381 0.106427 
14.8457 0.107951 
14.3216 0.0987622 
14.9384 0.116906 
13.9465 0.135842 
14.6699 0.119263 
14.4365 0.0906485 
15.0757 0.11765 
13.9337 0.0819097 
13.9635 0.104957 
15.573 0.133913 
15.3657 0.129744 
