0 5.50068 0.346227
1 5.68619 0.246851
2 5.83886 0.214511
3 5.76033 0.231987
4 6.20172 0.199089
5 5.84253 0.214822
6 4.82135 0.206156
7 5.59364 0.220598
8 5.81166 0.209851
9 5.30361 0.217108
10 5.83717 0.208247
11 5.71843 0.195427
12 6.37048 0.204649
13 6.41237 0.218608
14 5.26334 0.20366
15 5.46336 0.19912
16 6.04995 0.188379
17 5.79819 0.21845
18 5.61827 0.205549
19 5.46861 0.211982
20 4.61017 0.368783
21 6.09061 0.195198
22 5.61863 0.191553
23 5.69909 0.196967
24 5.29606 0.190621
25 5.83542 0.224165
26 5.60753 0.175174
27 5.28497 0.205933
28 5.36595 0.251631
29 6.45292 0.202738
30 6.39685 0.196997
31 6.21957 0.20019
32 5.63843 0.182828
33 6.01526 0.215695
34 5.7576 0.200512
35 5.31105 0.200215
36 6.03673 0.184112
37 5.63621 0.209927
38 5.59403 0.210751
39 5.83556 0.211675
40 6.14689 0.184219
41 5.97555 0.178162
42 5.76014 0.192269
43 5.91306 0.196782
44 5.80909 0.178937
45 5.68677 0.181247
46 5.89615 0.196378
47 5.43636 0.22437
48 5.63111 0.15223
49 5.87539 0.174262
50 6.13853 0.195834
51 5.22036 0.249498
