20.4663 0.205962 18.917 0.158105 20.3676 0.195922 19.6661 0.150611 19.9199 0.16463 19.6764 0.186324 18.2304 0.257555 
20.3022 0.114818 18.6097 0.111617 19.3179 0.115181 18.4329 0.0963831 18.7623 0.107008 19.8984 0.11696 19.5644 0.115756 
18.9506 0.121746 19.146 0.10307 19.6898 0.110728 19.1408 0.105573 19.4952 0.110184 19.112 0.118204 19.1337 0.111439 
18.3842 0.115242 17.7753 0.100957 19.2617 0.0901544 17.9712 0.0926308 17.8208 0.101659 18.3477 0.0977525 17.8114 0.0956176 
20.943 0.111936 19.9932 0.12568 20.5844 0.126867 19.4123 0.126248 20.2243 0.12356 19.8762 0.0964775 19.462 0.112557 
19.3448 0.0933458 18.2457 0.105454 18.5378 0.105033 18.1009 0.110713 17.9556 0.118309 18.6909 0.108129 18.4078 0.102884 
14.5662 0.0823875 14.3166 0.0870609 15.0949 0.0820508 14.4218 0.0873723 15.0255 0.0916966 15.1066 0.0842162 14.6793 0.0820513 
14.6743 0.0765357 14.0762 0.0751563 14.1689 0.100523 13.6888 0.0892672 14.3153 0.0694068 14.2557 0.0893787 13.9426 0.083693 
20.5686 0.115771 19.4827 0.111976 20.5692 0.101484 19.1234 0.130711 20.7721 0.123746 20.8213 0.122801 20.5673 0.106219 
20.2163 0.103838 19.7775 0.115926 19.7846 0.105806 19.6353 0.111428 19.7738 0.121399 19.241 0.111542 19.2606 0.101912 
19.935 0.111198 20.7693 0.113453 19.6137 0.108176 19.7183 0.126227 20.389 0.10849 20.4174 0.110408 19.8972 0.119204 
19.6702 0.116203 19.522 0.116471 19.6339 0.105017 19.4502 0.116446 19.5891 0.122714 19.6974 0.132884 19.2398 0.130496 
20.513 0.121406 19.3755 0.118685 20.6513 0.108147 20.3082 0.105722 20.4262 0.115118 20.3239 0.130205 20.3227 0.111919 
20.2531 0.0969472 18.9888 0.0977261 20.5167 0.118054 18.7725 0.10261 18.8576 0.109145 19.995 0.113879 18.8425 0.108062 
20.6942 0.117027 20.0854 0.109722 21.4054 0.118807 19.8036 0.117633 20.9596 0.125182 20.8553 0.111478 20.9417 0.122547 
20.1532 0.0979291 18.8134 0.105151 19.2989 0.121102 18.91 0.116515 18.9933 0.115837 19.0375 0.100726 18.6013 0.109432 
19.7654 0.0992522 19.8959 0.110331 19.1707 0.115839 20.4213 0.118804 20.3993 0.108358 20.9312 0.128642 20.3085 0.109845 
19.7702 0.102398 18.9406 0.106712 19.2047 0.121227 18.3492 0.111422 19.0151 0.0987166 18.9317 0.0928661 18.9474 0.118985 
19.6262 0.113492 20.0192 0.109036 20.1288 0.120769 19.0374 0.112792 20.5018 0.0996365 19.7282 0.111974 19.9442 0.112649 
20.3591 0.0952269 19.7069 0.102594 18.5119 0.111705 19.8197 0.0957976 19.9755 0.111907 19.0524 0.122602 18.1122 0.0853197 
20.0233 0.119553 19.8543 0.116749 19.8388 0.10614 19.1878 0.110556 20.3587 0.109888 19.973 0.107047 19.6644 0.122854 
19.731 0.104463 19.4603 0.0900446 18.3059 0.0963488 17.955 0.100082 18.9617 0.106842 18.3342 0.109535 18.1564 0.0963234 
19.2959 0.0966044 18.4253 0.109435 21.5971 0.103024 18.8372 0.0985695 19.3033 0.106085 20.1696 0.119388 19.174 0.118558 
18.1656 0.0971014 17.6901 0.0982617 18.0468 0.0950341 17.5177 0.100546 17.943 0.0928023 18.2991 0.0901252 17.4047 0.0926665 
18.2805 0.105625 18.3329 0.111252 18.8041 0.12149 18.2718 0.106061 18.5991 0.115951 19.0563 0.106852 19.7266 0.124871 
17.8422 0.101235 18.4496 0.124316 17.5769 0.106378 18.1806 0.104275 17.3867 0.0931672 17.2936 0.104038 17.3993 0.110389 
17.6428 0.156013 17.1543 0.153225 17.1872 0.125951 17.4632 0.132361 17.5913 0.1422 15.7536 0.129268 16.0563 0.146718 
