22.9542 0.351849 21.9174 0.260569 22.2932 0.305971 22.1431 0.276429 20.6165 0.282642 21.1566 0.304666 23.9952 0.420693 
20.0509 0.183762 20.712 0.178201 21.1714 0.217072 20.354 0.165815 20.7246 0.16713 21.3952 0.195357 12.6604 0.125287 
20.3927 0.181424 20.9956 0.170213 21.3351 0.186527 20.0222 0.164922 20.8253 0.168935 21.1388 0.18912 22.0356 0.208739 
19.5963 0.195055 19.4708 0.19433 20.8787 0.173639 19.7381 0.147712 20.179 0.16296 20.2384 0.201783 18.7975 0.154915 
22.1925 0.202464 22.5409 0.19924 23.1526 0.195997 21.8119 0.219009 22.2116 0.196485 22.0425 0.16373 15.1094 0.131244 
20.8946 0.161286 20.4513 0.183313 19.5265 0.183531 19.6842 0.233679 19.6281 0.199712 20.8538 0.163113 20.2649 0.166107 
15.8058 0.12648 15.7271 0.117377 16.1556 0.135689 15.6599 0.144734 16.2402 0.157923 16.7652 0.146045 16.5486 0.131763 
16.4233 0.126437 15.123 0.122557 15.5022 0.140457 15.0967 0.141733 15.1727 0.112429 15.4152 0.147733 15.4997 0.148019 
22.0869 0.189347 20.4691 0.185882 22.2708 0.176202 20.4181 0.190655 22.1105 0.205834 22.0865 0.21079 21.8566 0.177426 
21.9367 0.174397 21.838 0.191903 20.0009 0.234662 20.8349 0.184316 20.8625 0.192095 20.7477 0.188824 20.6892 0.164915 
21.277 0.197283 21.6511 0.194445 21.3907 0.197646 20.7591 0.183992 22.8075 0.194157 22.3105 0.193335 22.4828 0.211143 
21.6644 0.204566 20.8719 0.205332 21.5299 0.170193 20.5724 0.160376 21.3898 0.186595 20.2519 0.226668 20.855 0.201536 
21.6873 0.19713 21.2021 0.235475 22.0277 0.192644 21.6734 0.18099 22.613 0.216901 21.2314 0.199974 22.6375 0.214122 
21.5959 0.157645 20.949 0.178157 21.0842 0.187679 20.5323 0.187635 20.7554 0.167667 21.1123 0.176927 20.9417 0.173767 
21.9587 0.206652 21.3414 0.171386 23.1785 0.216247 22.0644 0.202353 22.2605 0.195732 22.783 0.181569 22.9368 0.216509 
21.6721 0.174376 26.8865 0.320881 21.1124 0.206776 19.7561 0.162413 21.0562 0.201085 21.0384 0.155823 20.7302 0.18916 
22.0284 0.183692 21.3058 0.186442 21.2536 0.188916 22.1253 0.197284 22.054 0.184833 21.8774 0.201137 22.4774 0.198481 
20.5452 0.159518 20.716 0.180462 19.4819 0.171343 19.8155 0.166693 20.5269 0.146324 20.5007 0.155601 20.6288 0.188662 
22.0408 0.192327 21.7076 0.197936 22.2308 0.22232 21.0868 0.198587 22.1911 0.17961 21.7711 0.199225 22.8078 0.210591 
21.8666 0.15569 21.0467 0.164378 20.1925 0.14217 21.6431 0.164506 20.3783 0.192024 20.684 0.202871 19.8798 0.146231 
20.8265 0.197909 21.1085 0.187239 21.3542 0.17109 20.8938 0.180445 22.0584 0.177097 21.8538 0.185195 21.3594 0.18307 
21.8046 0.164799 20.956 0.145495 19.6505 0.149281 19.8046 0.153032 21.011 0.161441 20.018 0.191841 19.71 0.154839 
20.7593 0.156294 20.1662 0.199379 24.3047 0.181527 20.6576 0.152753 21.5298 0.201338 22.502 0.20414 21.5342 0.185731 
20.3384 0.151711 19.0133 0.18239 20.5414 0.156465 19.8405 0.20064 20.8305 0.183337 20.4971 0.160103 19.1976 0.159434 
21.3071 0.259659 21.4263 0.177601 21.7095 0.184558 21.3283 0.184794 21.3306 0.231926 22.1542 0.193455 22.555 0.220206 
21.3417 0.183269 21.2733 0.218521 21.0079 0.196747 19.9677 0.189355 19.4208 0.182473 20.1356 0.201709 19.008 0.174361 
20.4899 0.270367 20.2908 0.279603 19.9149 0.229805 19.274 0.239407 19.6825 0.275125 17.8915 0.214666 17.1918 0.24399 
