7.84182 0.176351 
6.3586 0.255097 
7.58538 0.0995518 
5.87906 0.206621 
6.93496 0.104323 
6.38152 0.135436 
8.77967 0.112229 
5.04179 0.499784 
8.34515 0.114518 
6.73942 0.117978 
7.14493 0.128985 
7.82614 0.180221 
9.06716 0.125773 
4.43843 0.754937 
7.60172 0.143631 
6.08422 0.367602 
7.86805 0.178567 
7.67873 0.252824 
8.46054 0.161734 
4.61219 0.989623 
6.48035 0.511218 
5.43474 1.56764 
9.12688 0.135649 
5.4853 0.530598 
5.42623 0.358659 
4.3006 1.43153 
6.09121 0.325033 
4.21289 0.637787 
8.60381 0.170496 
1.60007 6.21896 
5.33792 0.367924 
3.20042 0.542496 
7.78573 0.169467 
7.70097 0.363528 
5.09091 0.261677 
7.02604 0.336805 
7.15505 0.142294 
3.10114 0.43194 
6.21808 0.289891 
3.75351 0.451751 
5.28118 0.262757 
6.54184 0.182659 
7.17578 0.124736 
6.47751 0.210139 
6.7812 0.133228 
4.58982 0.415755 
6.75402 0.14845 
5.03533 0.304588 
5.32966 0.202373 
3.31077 0.298885 
7.57515 0.18795 
6.80274 0.190636 
