19.5411 0.385205 
19.503 0.377632 
21.9105 0.170368 
17.0031 0.404806 
20.1796 0.144067 
19.9078 0.211365 
25.0366 0.146964 
20.7371 0.2098 
24.5192 0.146366 
19.968 0.174588 
19.0687 0.117782 
19.2752 0.174883 
23.4042 0.164461 
15.9954 0.144718 
19.7595 0.126069 
18.872 0.216035 
20.1874 0.124081 
20.6434 0.201666 
21.5963 0.126079 
17.5519 0.176017 
25.8756 0.24416 
16.4959 0.161867 
20.5933 0.11945 
17.6231 0.173999 
17.4796 0.117611 
17.8705 0.16008 
19.0182 0.139614 
16.2741 0.158267 
20.1874 0.158136 
15.1144 0.150586 
15.8118 0.121365 
15.536 0.14084 
20.9387 0.148529 
22.6256 0.228951 
19.3489 0.135939 
19.0792 0.153491 
20.891 0.14501 
15.4916 0.150441 
19.6206 0.15674 
17.3185 0.173718 
17.0806 0.128521 
18.2836 0.16542 
22.0079 0.182246 
17.6159 0.171856 
21.3206 0.147155 
17.8867 0.159121 
20.7197 0.152491 
18.7088 0.209744 
20.0584 0.159718 
17.1557 0.162362 
20.2259 0.205811 
18.585 0.272891 
