24.2178 0.272463 
25.4249 0.238369 
24.2564 0.206247 
24.6505 0.348909 
25.2723 0.180188 
24.9622 0.219732 
25.228 0.169392 
25.2673 0.191615 
25.2783 0.165824 
24.6322 0.176345 
24.6752 0.163477 
25.2779 0.188213 
24.7178 0.163906 
25.2178 0.195049 
24.8486 0.165443 
24.732 0.181548 
24.5925 0.142719 
24.9943 0.188158 
25.1348 0.155665 
24.9568 0.187926 
25.0306 0.256054 
25.3531 0.202095 
24.6563 0.145935 
25.2586 0.20852 
24.5719 0.153695 
24.9447 0.19859 
25.1689 0.163732 
25.3044 0.210574 
24.7245 0.18713 
24.325 0.206398 
25.542 0.179375 
25.0542 0.219712 
24.8039 0.158943 
24.6227 0.179507 
24.8127 0.152917 
24.8688 0.156848 
24.6521 0.146141 
25.2573 0.192541 
24.8972 0.190035 
25.0044 0.199179 
25.1163 0.169244 
25.0029 0.188383 
25.1556 0.161382 
24.9203 0.19429 
24.9102 0.158495 
24.7165 0.190303 
24.9804 0.15693 
25.0478 0.19945 
25.2575 0.154816 
24.6805 0.232823 
24.8216 0.233379 
24.3283 0.23488 
