21.8353 0.208668 
19.8103 0.197189 
19.8904 0.123348 
21.1212 0.179057 
19.5233 0.121683 
19.3139 0.141962 
19.0601 0.118877 
19.2279 0.143931 
19.4205 0.11881 
19.2598 0.143447 
19.4975 0.137917 
19.2509 0.128654 
19.328 0.123757 
18.9403 0.160463 
19.2406 0.11782 
19.7244 0.144911 
19.8825 0.114136 
19.3809 0.139814 
19.1367 0.10549 
19.8563 0.133682 
18.5375 0.149969 
19.7957 0.132203 
19.4947 0.106275 
19.6656 0.135564 
19.406 0.105174 
19.3911 0.153985 
20.4323 0.119656 
19.5906 0.131132 
19.6665 0.105371 
20.3552 0.141924 
21.0383 0.123384 
20.3719 0.148167 
19.0345 0.11101 
19.0734 0.131554 
18.7336 0.124169 
18.7192 0.111174 
18.7312 0.101987 
20.4498 0.142556 
18.9929 0.123585 
19.628 0.12984 
20.1197 0.120157 
19.689 0.126558 
18.9412 0.131904 
19.9683 0.13144 
19.1842 0.099825 
19.5844 0.142683 
19.6051 0.117698 
20.1508 0.131859 
19.246 0.118425 
19.0931 0.131684 
20.3347 0.161098 
20.2909 0.157988 
