19.5015 0.59358 
18.0885 0.763006 
21.9977 0.265873 
16.6332 0.548981 
20.2022 0.222342 
19.69 0.32405 
24.798 0.209533 
20.4189 0.312317 
24.3176 0.229587 
20.2526 0.260159 
19.3429 0.196216 
19.1098 0.316717 
23.3983 0.241341 
15.7057 0.239134 
19.63 0.204717 
19.4734 0.322714 
19.8357 0.249702 
20.6632 0.339315 
21.5634 0.20116 
17.511 0.301359 
24.8682 0.383881 
16.5122 0.326848 
20.6047 0.195896 
17.3593 0.239176 
17.5287 0.181322 
17.6939 0.401118 
19.4655 0.217049 
16.2758 0.256894 
20.2271 0.2344 
15.5597 0.231668 
16.1535 0.203046 
15.4126 0.302663 
20.7141 0.2228 
23.2941 0.335652 
19.2729 0.198965 
19.1099 0.371375 
20.9531 0.208972 
15.6132 0.211923 
19.809 0.249246 
17.7164 0.279498 
17.0181 0.185198 
17.9115 0.307074 
22.0665 0.276105 
17.6474 0.248964 
21.3172 0.209544 
18.1092 0.240629 
21.4315 0.265743 
18.3469 0.364102 
19.8111 0.254098 
16.8299 0.272572 
20.139 0.310649 
19.2913 0.441824 
