17.5548 0.319186 
20.2207 0.217331 
17.4848 0.222867 
22.5629 0.227013 
21.4776 0.252483 
17.4268 0.191253 
21.514 0.244581 
17.3691 0.191801 
22.4231 0.254653 
19.4306 0.189475 
21.092 0.245637 
22.3768 0.232285 
26.0044 0.309055 
17.1938 0.221581 
19.3469 0.215424 
21.9045 0.241928 
24.2772 0.255001 
22.6712 0.268535 
20.1406 0.2229 
22.6014 0.243115 
21.8473 0.334136 
22.1486 0.24498 
21.4526 0.224259 
23.0685 0.239949 
18.8484 0.180796 
24.1868 0.287234 
22.8619 0.217571 
20.6166 0.227856 
19.3419 0.213909 
23.3226 0.244587 
22.5896 0.256473 
20.2489 0.248667 
22.9262 0.202209 
20.4402 0.221513 
21.6164 0.214929 
23.2961 0.256992 
19.4215 0.18299 
23.0093 0.27514 
22.8483 0.242308 
19.8663 0.213594 
23.5242 0.238205 
19.9698 0.191195 
19.1998 0.180162 
21.1633 0.212213 
19.5825 0.16576 
21.4848 0.197829 
20.9995 0.25239 
20.0498 0.209153 
21.475 0.162985 
20.9299 0.196721 
22.4692 0.190489 
25.192 0.227024 
