14.1168 0.199661 
15.9213 0.172674 
13.7842 0.10962 
16.1928 0.215964 
17.0138 0.11578 
14.2381 0.141158 
18.4168 0.109713 
13.5484 0.127816 
18.3325 0.109766 
15.766 0.151269 
16.9007 0.105292 
17.1149 0.140407 
20.4744 0.138686 
12.8512 0.118553 
16.2447 0.100874 
16.9392 0.14724 
18.9339 0.118835 
17.5973 0.169638 
16.8701 0.105719 
18.2796 0.149645 
19.1329 0.181363 
16.8857 0.134652 
17.6958 0.107146 
18.6908 0.127537 
15.821 0.0941702 
18.9046 0.139212 
18.1014 0.114729 
16.6139 0.11878 
16.1995 0.107344 
17.7329 0.135405 
17.648 0.115223 
15.3319 0.124135 
19.071 0.106083 
15.9575 0.111669 
18.1063 0.106386 
18.6927 0.125894 
16.1694 0.0930137 
17.8174 0.122414 
19.2696 0.120389 
15.8732 0.119841 
19.0164 0.114757 
15.3983 0.109131 
16.0184 0.100717 
17.011 0.129442 
16.1181 0.097123 
16.9539 0.112318 
16.7814 0.102471 
16.2805 0.122673 
16.9912 0.107767 
15.8654 0.111833 
17.5012 0.158748 
20.3722 0.17023 
