22.9557 0.244575 22.2778 0.216876 23.3397 0.272713 22.9173 0.208931 23.3987 0.233613 23.5854 0.23598 22.6175 0.300197 
22.0998 0.147711 22.3986 0.14142 21.9725 0.15154 21.525 0.126813 21.7326 0.145274 22.7874 0.166611 21.7975 0.142006 
21.6869 0.154371 21.6448 0.134419 22.7174 0.15112 21.6381 0.127134 22.6454 0.146932 22.9825 0.169913 21.9022 0.141245 
21.6858 0.146964 21.498 0.152419 21.5077 0.119986 20.8459 0.133476 20.4366 0.136825 19.9264 0.136182 21.0161 0.124289 
23.9988 0.153757 22.3977 0.163381 23.5872 0.188643 23.0962 0.176632 23.3127 0.179555 23.1974 0.135305 22.8844 0.171351 
22.0958 0.130497 21.2494 0.131261 21.733 0.132734 21.5453 0.147854 21.9196 0.167736 21.3604 0.132584 21.2338 0.129516 
16.6785 0.105752 16.8078 0.102416 17.2276 0.107288 16.5893 0.113786 17.0393 0.129444 17.0451 0.107761 17.2084 0.117208 
16.4071 0.0952472 16.1467 0.0981726 16.682 0.117246 15.5799 0.0993181 16.2162 0.090674 16.0187 0.111171 16.0603 0.117393 
23.0189 0.148191 22.743 0.154925 23.2249 0.130506 22.4181 0.166904 23.8707 0.16458 23.789 0.174847 23.2318 0.147473 
23.1073 0.145561 22.05 0.142136 22.1504 0.141531 22.1937 0.146937 22.0871 0.147947 21.755 0.148458 21.7987 0.132787 
22.9554 0.154997 23.0328 0.156488 23.9834 0.157538 21.7724 0.19476 23.2449 0.157044 22.775 0.147521 22.5094 0.153655 
22.5558 0.143748 22.4785 0.149587 22.5785 0.137114 22.2212 0.130062 22.771 0.164177 22.2841 0.160745 21.9717 0.170504 
23.089 0.15767 23.2238 0.157654 23.4332 0.161062 23.2943 0.149678 23.0729 0.15347 23.5087 0.161157 23.3469 0.157281 
22.724 0.120748 20.1832 0.120662 22.8244 0.145416 21.3747 0.137897 21.5475 0.138364 22.6406 0.16408 22.2854 0.134097 
24.0799 0.157636 22.6242 0.140314 23.3902 0.148942 22.243 0.160622 23.9153 0.164505 23.6831 0.152699 24.0415 0.172332 
22.8278 0.129038 22.638 0.148443 21.9637 0.152449 21.9003 0.140123 21.6479 0.144634 22.0335 0.124621 21.5432 0.145151 
22.5981 0.12941 22.4085 0.160351 22.3186 0.14655 22.5815 0.155073 23.9909 0.150735 23.8038 0.179127 22.7959 0.145206 
22.5852 0.13758 22.0481 0.149566 22.3091 0.1503 20.9534 0.137553 21.9988 0.123452 21.5967 0.122488 21.2925 0.146678 
22.599 0.139821 22.6544 0.145004 22.6276 0.153837 21.7474 0.149988 23.3686 0.140041 23.5486 0.157761 23.1906 0.173526 
23.1527 0.135144 21.2862 0.155696 21.4228 0.129786 21.9654 0.12742 22.6026 0.147564 21.9177 0.149103 20.7448 0.107748 
22.5483 0.162929 21.2935 0.148344 23.238 0.150384 21.4424 0.139448 23.5748 0.143661 23.0273 0.148956 22.5533 0.146881 
22.045 0.137793 22.0765 0.117451 21.2013 0.121501 21.111 0.131686 21.8762 0.128421 22.1818 0.148695 20.6255 0.12644 
22.5446 0.135697 20.9823 0.138841 25.7653 0.154108 21.7319 0.12581 22.8463 0.145602 22.5098 0.158239 22.0445 0.126064 
21.5737 0.120664 20.6154 0.131005 20.4311 0.115194 19.8635 0.13801 20.2366 0.128775 21.663 0.125656 19.8907 0.126566 
21.3683 0.142459 20.7082 0.137237 21.2871 0.134954 20.5422 0.126392 22.0665 0.164015 21.889 0.148228 21.9941 0.148841 
21.3953 0.139133 20.261 0.136753 20.7911 0.136272 21.2537 0.149594 20.2502 0.132534 19.7698 0.1518 19.4318 0.147651 
20.1011 0.226366 19.449 0.194924 20.3188 0.180649 19.1578 0.173582 19.9062 0.184176 18.2 0.165554 17.6142 0.193387 
