23.7247 0.248485 
21.3733 0.389122 
22.0236 0.156751 
25.1279 0.332903 
23.1421 0.183781 
21.5411 0.185915 
24.5812 0.155357 
19.8135 0.185849 
22.9613 0.145025 
23.242 0.181949 
24.0727 0.158722 
25.4531 0.204186 
25.9686 0.183861 
22.99 0.207748 
24.0535 0.155189 
24.2133 0.195469 
26.4454 0.165333 
25.985 0.208329 
23.7469 0.140539 
26.195 0.19855 
23.2624 0.216207 
26.5846 0.219685 
25.6128 0.156224 
24.7418 0.230354 
23.8395 0.146862 
24.3107 0.221342 
25.3474 0.174557 
24.6238 0.190731 
24.77 0.165425 
23.8411 0.19859 
26.1251 0.179404 
25.3524 0.241303 
23.3426 0.147096 
22.803 0.163781 
22.7411 0.139716 
23.8655 0.163345 
22.2563 0.127776 
25.5748 0.198952 
22.6457 0.160337 
23.2851 0.189148 
25.532 0.167193 
23.8274 0.17183 
21.6039 0.152465 
22.8825 0.171125 
21.6191 0.129689 
22.8849 0.156728 
22.655 0.151929 
22.5327 0.173778 
22.2563 0.140422 
22.0002 0.274844 
24.0923 0.204765 
24.3466 0.22809 
