25.631 0.360146 
26.0402 0.334059 
24.9492 0.239915 
28.3799 0.505288 
23.8366 0.267439 
27.6687 0.302352 
23.0107 0.223361 
28.2065 0.328312 
24.1216 0.19977 
27.2031 0.339307 
22.6286 0.195924 
27.7208 0.260298 
23.578 0.21082 
30.4104 0.346076 
23.9212 0.197187 
28.825 0.293392 
23.3863 0.184643 
28.7527 0.298177 
24.0621 0.216972 
29.7312 0.296388 
22.0735 0.282129 
28.929 0.300834 
21.9768 0.176556 
29.2036 0.287167 
22.3316 0.188086 
29.5509 0.300282 
22.9359 0.205226 
29.7303 0.311327 
21.3192 0.185569 
29.7973 0.323707 
26.0595 0.219581 
31.1109 0.326569 
24.9421 0.202591 
27.7755 0.254905 
27.908 0.232779 
29.568 0.373428 
25.8264 0.191286 
31.6796 0.362804 
25.8389 0.232711 
29.8711 0.274992 
24.8671 0.197734 
27.6933 0.307087 
25.3082 0.227583 
29.0217 0.258256 
24.4882 0.195658 
29.4447 0.26231 
24.7355 0.207211 
28.9034 0.342792 
25.907 0.244469 
30.314 0.273562 
24.2265 0.345527 
26.7476 0.292209 
