29.3709 0.432783 20.18 0.244376 23.8111 0.338475 20.2712 0.230668 23.574 0.289583 29.2181 0.453244 35.9086 1.60083 
23.9977 0.204417 22.6299 0.189413 24.4726 0.237252 22.2834 0.161925 20.9479 0.165881 17.8766 0.160414 21.6768 0.177139 
20.8367 0.191569 19.8941 0.177151 19.1227 0.16884 23.0189 0.170879 18.8753 0.153169 20.417 0.194411 18.6014 0.179594 
25.3605 0.223936 17.3868 0.156039 24.3817 0.165431 18.2054 0.141579 18.7865 0.157532 23.8437 0.214306 17.1303 0.149441 
23.4075 0.184067 20.2507 0.180357 26.7392 0.269336 23.4294 0.214606 23.5372 0.247412 21.7484 0.160896 19.1605 0.167264 
23.0338 0.159243 20.9112 0.182196 19.9403 0.163364 19.3172 0.172345 15.9121 0.16102 22.4064 0.171649 19.9162 0.166983 
14.3428 0.117205 18.0743 0.152241 14.0283 0.10993 15.1522 0.137868 15.5235 0.145403 16.5418 0.136746 15.5343 0.139672 
16.5627 0.128424 14.4136 0.129139 16.6038 0.14982 13.9306 0.111717 16.0664 0.108381 20.7894 0.189483 16.4187 0.145272 
23.9709 0.20442 19.3563 0.175458 21.5333 0.159018 20.5698 0.20847 21.6949 0.181596 24.5487 0.234097 24.7941 0.185794 
22.3156 0.180261 33.445 0.353713 24.6021 0.219202 22.2447 0.200202 22.9561 0.189758 17.7991 0.148098 19.6876 0.14706 
20.1509 0.173049 19.651 0.172085 17.1642 0.1447 23.1926 0.230312 23.5473 0.195692 20.647 0.180449 23.5031 0.220182 
21.8243 0.186316 20.455 0.176162 21.9324 0.162449 20.4451 0.153465 21.9204 0.18615 22.1358 0.207736 21.4486 0.177625 
21.613 0.201014 21.4983 0.182109 22.2443 0.17935 19.3306 0.152338 21.6587 0.186354 23.4973 0.212093 25.1512 0.224635 
19.6999 0.132064 21.1965 0.15158 20.1928 0.165561 24.0975 0.199642 19.2034 0.164962 20.6495 0.176883 16.9695 0.125508 
22.7712 0.22906 22.0104 0.161627 23.5782 0.213628 22.0249 0.20293 23.449 0.226211 22.6679 0.184913 26.0625 0.230715 
22.3667 0.15549 20.297 0.158157 22.2492 0.203132 20.5318 0.185207 21.2885 0.183998 20.9145 0.139063 21.0093 0.183115 
23.5818 0.180815 23.0261 0.191506 21.8547 0.178006 22.6611 0.202753 23.3531 0.183378 22.5251 0.194772 22.3375 0.194449 
23.461 0.172311 21.6569 0.162798 22.0615 0.19334 22.3275 0.190047 19.4816 0.136327 20.1733 0.144478 21.5919 0.185183 
23.22 0.17476 22.3694 0.18455 22.6279 0.235177 21.4578 0.192407 21.8887 0.166418 21.8214 0.174314 23.3967 0.198313 
21.5624 0.153393 20.1673 0.152123 21.8931 0.159111 22.169 0.16192 21.5873 0.18283 20.9159 0.178647 20.2157 0.132413 
22.765 0.197684 19.949 0.156293 20.9189 0.162547 19.7951 0.158946 20.768 0.165123 22.5499 0.182986 21.5082 0.173498 
22.7922 0.180534 22.1127 0.145423 18.8836 0.168336 19.7199 0.146942 21.8762 0.158979 19.9544 0.163695 19.6509 0.150363 
20.9448 0.152475 20.2701 0.176661 22.8463 0.173907 24.3665 0.189784 23.9624 0.193693 22.9946 0.20562 20.1568 0.1609 
20.039 0.146427 17.9876 0.149133 20.0152 0.144478 18.8253 0.149552 19.478 0.136415 19.9524 0.136756 17.2984 0.146475 
20.0335 0.177226 21.2882 0.174812 21.943 0.184063 20.4825 0.154876 23.2797 0.203092 22.5767 0.187479 23.8793 0.205458 
19.4852 0.173757 23.4614 0.225438 20.332 0.18502 21.4054 0.196033 18.8585 0.146269 18.9518 0.182746 21.062 0.207747 
14.9169 0.22829 15.8861 0.197439 14.5006 0.156589 15.2561 0.18354 17.4656 0.209048 14.1438 0.17434 19.9143 0.310997 
