14.3454 0.154804 
12.198 0.116537 
12.6926 0.0734803 
14.4199 0.179376 
12.6871 0.0816616 
12.5975 0.0997613 
13.7744 0.0823015 
11.6442 0.0842754 
13.5513 0.0827399 
13.5214 0.101962 
13.8374 0.0850715 
14.0164 0.132242 
14.0017 0.087789 
12.4928 0.238398 
14.3413 0.0882535 
13.6041 0.10041 
14.7541 0.0931319 
15.1398 0.123344 
14.3138 0.0823452 
15.2206 0.111737 
14.5639 0.127653 
15.2481 0.114358 
15.0361 0.0936994 
14.6654 0.114719 
14.2296 0.104075 
14.0606 0.0992218 
14.2935 0.0882489 
14.9205 0.106192 
15.744 0.0899391 
13.6848 0.137185 
14.8755 0.094619 
14.2243 0.10534 
13.9444 0.0812558 
13.7059 0.0916861 
13.6675 0.0876642 
14.7536 0.0903182 
13.4605 0.074184 
14.4979 0.102158 
14.0583 0.0916528 
13.9244 0.0934672 
14.5162 0.0940834 
13.3686 0.0966055 
13.0682 0.0851112 
13.6944 0.0920956 
12.9929 0.0718306 
13.3977 0.086087 
12.9067 0.0708006 
13.9171 0.102472 
12.5763 0.069205 
12.4869 0.0972515 
14.2706 0.103577 
14.3797 0.122235 
