14.4407 0.189201 
15.5389 0.294819 
13.3978 0.132974 
17.32 0.179578 
16.5546 0.176212 
13.9454 0.181802 
17.3977 0.16626 
13.1865 0.158023 
17.5462 0.151766 
15.3574 0.171769 
16.3562 0.155593 
16.9663 0.179412 
19.4774 0.199571 
12.7335 0.148136 
15.368 0.149886 
16.3959 0.179565 
18.1622 0.162495 
16.9654 0.192997 
16.1639 0.159582 
17.7877 0.167514 
17.9335 0.236374 
16.6629 0.141668 
16.9839 0.148511 
18.2562 0.155807 
15.0138 0.145816 
18.61 0.167231 
17.314 0.163344 
16.2468 0.160803 
15.2714 0.151746 
17.3662 0.152984 
16.4628 0.15 
15.0927 0.159603 
18.2527 0.15613 
15.6167 0.126754 
17.2282 0.149486 
18.2911 0.147779 
15.6255 0.133363 
17.595 0.154575 
18.1467 0.165909 
15.5435 0.138623 
17.8712 0.154092 
15.0088 0.121062 
15.1546 0.141746 
16.8296 0.144505 
15.5516 0.130708 
16.8399 0.144493 
16.0444 0.140345 
15.8751 0.137842 
16.4446 0.125533 
15.9016 0.111895 
17.5577 0.340322 
20.5925 0.278338 
