22.3983 0.249415 21.2916 0.283808 22.1095 0.224271 21.3881 0.200223 21.6358 0.216007 21.1769 0.246561 20.4536 0.31421 
21.9515 0.141272 21.2758 0.132489 21.9273 0.144798 20.6441 0.112158 20.8847 0.118363 21.6616 0.143993 21.4689 0.132865 
20.0754 0.149299 21.8198 0.123596 21.3551 0.130623 20.7652 0.120779 21.3058 0.120844 20.9507 0.141307 21.3278 0.136291 
20.5137 0.140645 19.2404 0.133606 21.5558 0.117614 19.8013 0.110476 21.0863 0.128226 20.9138 0.126632 19.5951 0.111238 
23.1371 0.136548 22.5533 0.145101 22.8384 0.169801 22.1645 0.164733 22.4669 0.156304 21.8969 0.123057 21.4497 0.136302 
21.4606 0.116315 20.6191 0.124139 20.0131 0.114147 20.134 0.141997 19.1943 0.145257 20.7369 0.116568 20.5967 0.120545 
16.2927 0.100375 15.7147 0.0977746 16.3115 0.0983597 15.938 0.107431 16.1267 0.114241 16.2404 0.0949067 16.1832 0.100077 
16.5285 0.0944101 15.4344 0.0926271 15.8029 0.110564 15.425 0.0988403 15.6489 0.0827143 15.3039 0.104922 15.0369 0.109737 
22.6468 0.155483 21.3583 0.138241 22.8887 0.134573 20.8191 0.149047 22.2298 0.146375 22.6352 0.180617 22.4433 0.130883 
21.8474 0.125247 22.2484 0.145298 21.4777 0.124125 22.2918 0.153458 21.5791 0.137601 21.404 0.144431 20.8952 0.11948 
21.9261 0.138747 22.5157 0.147924 21.1018 0.13298 21.4645 0.153529 22.7481 0.132586 22.2586 0.136611 22.1344 0.146147 
22.0258 0.150712 21.6015 0.141622 22.0021 0.119756 21.7412 0.125446 21.9575 0.139091 21.1852 0.167058 21.3848 0.146066 
22.4087 0.151904 21.839 0.158384 22.7756 0.145231 22.1657 0.133277 22.7077 0.151412 21.9609 0.145319 22.5012 0.139 
22.131 0.114553 20.8206 0.122461 22.0183 0.140617 20.7008 0.128668 21.3115 0.131959 21.4448 0.142023 21.2017 0.124348 
22.4272 0.135676 21.9032 0.128828 23.5344 0.151181 20.9941 0.160918 22.4748 0.147179 22.8584 0.146909 23.4796 0.17054 
22.4423 0.118808 20.8712 0.124087 21.2894 0.146009 20.5831 0.126468 21.5469 0.15043 21.1403 0.110716 21.2259 0.140968 
22.3685 0.133056 21.7593 0.134301 20.6568 0.126372 22.3856 0.15196 22.4921 0.144216 22.9394 0.157996 23.1891 0.144926 
21.3448 0.119064 20.8141 0.139744 20.5638 0.157682 21.3491 0.141098 20.6774 0.113241 20.3576 0.1146 21.2038 0.130531 
22.302 0.132618 21.5345 0.133547 22.1605 0.146255 21.2508 0.131623 22.2439 0.127381 21.614 0.136702 22.8146 0.155224 
22.1854 0.116759 21.8264 0.126167 20.5503 0.11546 21.993 0.12068 21.1218 0.140869 21.1762 0.137986 20.3291 0.104033 
21.6995 0.140477 22.1995 0.138139 22.0258 0.137547 21.7725 0.142901 21.94 0.133633 22.0614 0.140244 21.7188 0.126417 
21.2667 0.123068 21.8085 0.109674 20.4232 0.121164 19.9357 0.115843 21.4361 0.120247 20.9013 0.131518 20.0309 0.121798 
21.1802 0.116455 20.2926 0.132069 23.8419 0.139259 20.5364 0.114635 21.1563 0.129174 22.2255 0.14713 21.3409 0.125157 
20.2153 0.111862 19.749 0.121743 20.7624 0.11469 19.9914 0.128765 21.0404 0.12602 20.3007 0.112385 19.2522 0.116323 
20.6752 0.141066 21.0538 0.134422 21.2478 0.132745 21.105 0.132044 21.4203 0.153374 21.9399 0.153693 21.7106 0.139819 
20.3104 0.125129 20.8654 0.148913 19.3616 0.142473 19.7692 0.135757 19.731 0.119565 19.9928 0.137026 19.2226 0.147957 
20.2703 0.191384 19.6285 0.188139 19.6127 0.193641 19.9117 0.177154 20.1492 0.177221 17.9944 0.163303 18.6699 0.202691 
