22.4337 0.241699 22.5005 0.212421 22.3021 0.253647 22.9173 0.208931 22.8476 0.218247 22.9248 0.236245 21.7349 0.287265 
21.887 0.155525 23.1154 0.143382 21.7302 0.150445 22.5275 0.135531 22.3092 0.15606 22.0015 0.167216 22.4651 0.147493 
22.7044 0.159537 22.0817 0.135876 22.7174 0.15112 22.5463 0.140404 22.6454 0.146932 22.9825 0.169913 22.0432 0.141415 
22.8127 0.155511 22.7895 0.162541 22.0999 0.130966 22.6186 0.142224 21.8038 0.142862 21.6049 0.15183 22.4987 0.135887 
22.4769 0.143879 22.1269 0.159854 22.4796 0.182641 22.5025 0.178586 22.4834 0.17504 22.7551 0.141632 22.6462 0.144929 
22.4164 0.133173 22.5023 0.146641 23.1239 0.134742 23.1143 0.156187 22.8937 0.173436 22.5154 0.144377 22.4062 0.135173 
22.444 0.140861 22.9452 0.135862 22.7972 0.144443 22.5988 0.156347 22.6522 0.1701 22.4009 0.14188 22.987 0.157702 
21.6803 0.162129 22.6306 0.138563 23.0159 0.156258 22.5132 0.14547 22.8212 0.1265 22.8432 0.157848 22.8445 0.170439 
22.7345 0.143219 23.0074 0.151195 22.2646 0.124176 23.099 0.173934 22.7405 0.157239 23.0419 0.16342 22.6976 0.142288 
22.8205 0.14653 22.2662 0.145928 23.0066 0.152188 22.9439 0.151177 22.9059 0.158978 22.754 0.15595 23.0263 0.134696 
22.9554 0.154997 23.0328 0.156488 23.6882 0.156311 21.7724 0.19476 23.0024 0.148811 22.3156 0.146697 22.3805 0.153652 
22.5558 0.143748 23.061 0.149835 22.7547 0.139597 22.7862 0.139872 22.5303 0.159782 23.1036 0.170947 22.7588 0.176618 
22.9676 0.156291 23.2238 0.157654 22.6826 0.145244 23.0434 0.147901 22.2858 0.148366 23.176 0.159368 22.6258 0.151318 
22.724 0.120748 20.8266 0.12643 22.8244 0.145416 22.1392 0.152219 22.537 0.145949 22.7598 0.162146 23.1021 0.144772 
23.4591 0.151261 22.6242 0.140314 22.3119 0.135115 21.9094 0.172887 22.7038 0.159221 22.6349 0.149014 23.0446 0.166327 
22.8259 0.131633 23.8141 0.152369 22.7358 0.160272 23.0859 0.1491 22.3435 0.149122 22.9702 0.131885 22.6807 0.154116 
22.5981 0.12941 22.7498 0.138657 23.1849 0.151038 22.2627 0.150374 23.1724 0.144654 22.8226 0.165842 22.1911 0.138001 
23.307 0.136159 22.8609 0.150151 22.806 0.153569 22.2862 0.150287 23.1151 0.126422 22.9717 0.127419 22.1965 0.152421 
22.599 0.139821 22.6544 0.145004 22.6276 0.153837 22.3095 0.156701 22.7889 0.145546 23.5486 0.157761 22.6671 0.160401 
22.9633 0.122224 22.6815 0.145091 22.7467 0.140508 21.7105 0.140056 23.5367 0.152129 22.5218 0.153245 22.6821 0.125141 
22.325 0.178363 21.8489 0.151158 23.0211 0.148237 22.4483 0.145898 22.9207 0.139349 22.6675 0.147064 22.5533 0.146881 
22.4294 0.148141 22.6839 0.118889 22.3469 0.146784 22.8764 0.141164 22.6976 0.134274 23.2926 0.157235 22.019 0.134216 
22.9206 0.140124 22.2414 0.14849 22.7809 0.146071 22.7614 0.133416 22.7479 0.185433 21.9183 0.16039 22.4073 0.128617 
22.4912 0.123535 22.3366 0.138763 21.6531 0.134639 21.9701 0.148737 21.4462 0.137685 22.8997 0.135774 22.1777 0.138785 
21.8857 0.146636 21.4774 0.139829 21.823 0.139641 21.4303 0.132787 21.9617 0.179188 21.889 0.148228 21.5415 0.147307 
22.0185 0.148854 21.639 0.157399 22.0013 0.145116 21.9478 0.153222 22.207 0.14475 21.5934 0.165033 22.1145 0.166146 
21.3299 0.244429 21.0371 0.219917 22.242 0.211101 21.467 0.183198 21.9902 0.206646 22.4259 0.204409 21.6152 0.22629 
