10.734 0.151015 9.63319 0.123049 9.53693 0.159651 10.0629 0.128402 10.7532 0.13007 9.88658 0.139483 9.44351 0.149054 
9.97409 0.0938332 9.88702 0.083405 10.0217 0.0993466 9.98038 0.0917973 9.79447 0.0856111 8.92509 0.086057 10.1241 0.104739 
9.76328 0.109279 9.59601 0.089381 9.81986 0.0945501 9.96259 0.08775 9.41401 0.0923062 9.83082 0.110254 9.38077 0.0886413 
10.7191 0.115511 9.44232 0.0959314 10.5842 0.0758908 9.19008 0.0791581 9.60593 0.0867963 10.6602 0.0981843 8.75044 0.083466 
9.90077 0.0869158 9.59218 0.0919484 9.39148 0.0819491 10.1952 0.112315 9.94435 0.109115 10.0919 0.0904455 9.32082 0.0934808 
10.2382 0.0916389 10.0394 0.0804027 9.90154 0.0828704 10.0084 0.0970711 8.34192 0.105288 9.88588 0.0863045 9.90172 0.0856329 
10.2388 0.0969665 10.8348 0.0912721 10.2998 0.100994 9.73684 0.126298 10.0169 0.11214 10.0685 0.110474 9.79085 0.098251 
10.0186 0.0945879 10.2488 0.113929 9.38633 0.282601 9.75154 0.128783 10.4119 0.0998394 12.3231 0.132254 8.53053 0.513911 
10.562 0.0881547 9.75268 0.0987885 10.2348 0.0864464 10.1607 0.0980459 9.56362 0.0911906 10.3518 0.107781 10.8673 0.0970198 
10.3972 0.0872932 9.61334 0.0954751 11.0499 0.0990774 9.93215 0.0997734 9.78056 0.0981306 9.17514 0.122635 10.1368 0.092995 
10.2945 0.0976645 10.1876 0.0923364 9.62673 0.0934339 9.7069 0.10345 10.7088 0.0864232 9.61678 0.101274 10.424 0.0912443 
10.2179 0.0899444 9.92687 0.0853159 9.89213 0.0839173 10.0733 0.0784026 10.1663 0.103654 9.4987 0.130216 10.2245 0.109387 
10.0652 0.088336 9.7361 0.0924405 9.98953 0.089874 9.61262 0.0726206 9.81578 0.0967295 10.2132 0.0983226 10.4077 0.0976811 
10.3329 0.0775353 12.4338 0.11729 9.88023 0.0946692 10.1766 0.100036 10.243 0.086724 10.0139 0.0946758 9.8185 0.0803658 
10.6881 0.102968 10.2718 0.0883108 9.98999 0.0816247 10.0276 0.0925193 10.4684 0.0949417 10.1286 0.0854058 10.2436 0.0992267 
9.94905 0.0764946 9.81615 0.0884473 9.32568 0.0916929 9.86058 0.0859978 10.1683 0.0930618 9.66072 0.0732447 9.91995 0.104507 
10.0744 0.0808697 9.82398 0.0907708 10.3552 0.0894554 10.2614 0.0985996 10.008 0.0816431 10.4295 0.100879 9.84541 0.0845576 
9.55712 0.0947189 9.85423 0.0892596 9.84794 0.0918853 9.998 0.0918481 9.87193 0.0803521 9.60832 0.0802115 9.47029 0.0949687 
9.86576 0.0903054 10.1699 0.0895412 9.88417 0.101941 9.82806 0.0968713 10.5482 0.0868103 10.0704 0.0965222 10.1989 0.0992287 
9.88182 0.076113 9.72152 0.0826362 10.1697 0.0852325 9.80263 0.0765473 9.85898 0.088717 10.0254 0.0934047 9.76218 0.0714279 
9.58699 0.116481 9.83224 0.0914548 10.178 0.0875832 9.91103 0.0950415 9.94452 0.0823869 10.2718 0.0947229 9.70875 0.0911589 
10.1511 0.0952801 9.86574 0.0713024 9.55626 0.0789865 9.57735 0.0829798 9.94148 0.0788825 9.92271 0.0970459 9.42461 0.0857501 
9.98233 0.083761 9.46223 0.0849585 9.72522 0.0744927 9.81201 0.0784316 9.64148 0.0933935 10.1083 0.101165 9.41903 0.0796938 
9.70964 0.0760576 9.46019 0.0878119 9.73205 0.0797151 9.72556 0.0862295 9.76156 0.0784376 9.42501 0.0796787 9.64872 0.0995855 
9.52055 0.0939875 9.90895 0.092407 9.57326 0.0962461 9.8278 0.086742 9.82724 0.128808 9.68597 0.0997301 9.55167 0.0923168 
9.15288 0.0920009 8.66486 0.135808 9.22407 0.0927206 9.52386 0.0878138 9.45271 0.0778473 9.15179 0.0820529 9.43304 0.103852 
9.63423 0.117824 9.67555 0.122708 9.16733 0.117764 10.0166 0.117055 9.59908 0.116898 9.82422 0.114906 9.2436 0.138492 
