0 8.06904 0.117271
1 7.46385 0.0883705
2 7.50905 0.107257
3 7.92003 0.0951211
4 7.35719 0.0971376
5 7.20203 0.111916
6 7.55683 0.123031
7 7.63791 0.0620232
8 7.04791 0.0625039
9 7.46677 0.0565711
10 7.57336 0.0566627
11 7.73443 0.0537569
12 7.41731 0.061772
13 7.33096 0.0665071
14 7.49018 0.0668318
15 7.62758 0.0530585
16 8.12185 0.0731563
17 7.09153 0.0598335
18 7.20529 0.0636634
19 7.7124 0.0702976
20 7.14682 0.060844
21 7.3678 0.0637598
22 7.19074 0.067517
23 7.23721 0.0427226
24 7.96986 0.0597508
25 6.62199 0.0357852
26 6.63548 0.0374968
27 7.26645 0.062879
28 7.3532 0.0601311
29 7.72168 0.0643322
30 7.22842 0.0626756
31 7.05268 0.06816
32 7.47013 0.061229
33 6.80302 0.0565465
34 7.51332 0.0668735
35 7.22303 0.0533333
36 7.52661 0.0582672
37 6.7678 0.0590247
38 7.08947 0.0720562
39 6.82803 0.0794051
40 7.31788 0.0516526
41 7.86568 0.0526545
42 7.48868 0.0616532
43 7.16314 0.0615969
44 7.22445 0.0608381
45 7.37965 0.0676169
46 7.36946 0.0786166
47 7.19213 0.0613596
48 8.15626 0.0683862
49 7.08643 0.0480359
50 7.43816 0.059334
51 7.09577 0.0775085
52 7.22982 0.0608794
53 7.35872 0.0606056
54 6.3411 0.0704109
55 7.67872 0.0741758
56 6.84827 0.052009
57 6.81067 0.0706363
58 7.18621 0.0491514
59 7.26722 0.0721024
60 6.17018 0.0717026
61 6.85566 0.0604219
62 6.93157 0.0570896
63 7.2593 0.0661048
64 7.48523 0.0539311
65 6.55015 0.0582608
66 7.38914 0.0509655
67 6.82021 0.0546592
68 7.19106 0.0613031
69 6.9381 0.0571448
70 7.20962 0.0655142
71 6.96475 0.0660926
72 6.49194 0.0731025
73 7.19268 0.0709214
74 7.51609 0.0521289
75 7.61099 0.0610272
76 6.99284 0.0528117
77 7.26487 0.0584194
78 6.62965 0.0608588
79 6.98001 0.0463537
80 7.24798 0.055322
81 6.97522 0.0600988
82 7.85481 0.0779667
83 7.74913 0.0781046
84 7.53348 0.0647527
85 6.72006 0.0688487
86 6.96526 0.0631873
87 7.22214 0.0645732
88 7.30723 0.0546435
89 6.91244 0.0623178
90 7.09689 0.0531393
91 6.93965 0.0506885
92 7.60292 0.0656662
93 7.51078 0.0660457
94 6.49264 0.0503803
95 7.27353 0.0611533
96 6.91412 0.0635182
97 7.33869 0.0603221
98 7.23776 0.0699413
99 7.03073 0.0506255
100 7.34051 0.051364
101 7.68919 0.0597071
102 7.11791 0.0662053
103 7.4161 0.0602773
104 7.72917 0.0628919
105 7.40559 0.0523967
106 6.82849 0.0712828
107 7.23748 0.0590342
108 6.4724 0.0691947
109 7.87644 0.0616484
110 7.32534 0.0519712
111 7.36044 0.0563766
112 7.49967 0.0541621
113 6.44843 0.0541449
114 6.93475 0.0651811
115 7.29748 0.0570414
116 6.56921 0.0573714
117 7.04143 0.0657245
118 7.62275 0.0518827
119 6.72412 0.061693
120 6.7868 0.0490608
121 6.58864 0.0689223
122 7.34772 0.0503665
123 7.41944 0.0567112
124 6.73586 0.0504739
125 7.77348 0.0645132
126 7.53434 0.0531323
127 7.46823 0.0623869
128 7.43371 0.0517414
129 7.62754 0.0642755
130 6.64966 0.0530407
131 7.75207 0.0729492
132 7.87839 0.0608851
133 7.28377 0.0538489
134 7.34261 0.0501674
135 7.7721 0.0543382
136 7.34641 0.0484845
137 7.92963 0.0634905
138 7.38455 0.0579233
139 7.58172 0.0524689
140 7.81177 0.0704964
141 7.49497 0.0502756
142 7.10431 0.0638683
143 7.59721 0.0561215
144 6.84395 0.0646338
145 6.98488 0.0535527
146 7.42507 0.0608022
147 7.77159 0.0548021
148 7.18596 0.0427665
149 7.57914 0.056558
150 7.45245 0.0587758
151 7.22632 0.0515577
152 6.8082 0.0627088
153 7.57369 0.0556015
154 7.75825 0.0619824
155 7.37874 0.0564788
156 7.41264 0.0562943
157 7.69188 0.0576164
158 6.47518 0.0645084
159 7.68716 0.0528241
160 7.93941 0.0546094
161 7.76072 0.0569936
162 7.89567 0.0671184
163 6.45965 0.0353639
164 6.57521 0.0435306
165 6.6521 0.0341369
166 7.50585 0.0589317
167 7.49753 0.0545618
168 6.42353 0.0437739
169 6.52447 0.0398373
170 6.42747 0.0385185
171 6.627 0.0387609
172 6.27265 0.0515543
173 6.45592 0.0400445
174 6.35506 0.0429924
175 6.61216 0.0441395
176 6.53467 0.0511706
177 6.47066 0.0478058
178 6.47463 0.0437012
179 6.4116 0.0384245
180 6.60391 0.0503248
181 6.54405 0.0609885
182 6.78139 0.0603918
183 7.04461 0.0646565
184 6.78053 0.0590304
185 6.81108 0.0553471
186 6.91055 0.0618131
187 6.88983 0.0585954
188 7.02677 0.0800654
