12.574 0.38722 
13.4618 0.464619 
14.1231 0.295795 
10.293 0.594338 
13.7426 0.29214 
11.519 0.497378 
14.5815 0.240061 
10.8166 0.277139 
14.3099 0.209897 
12.3159 0.336756 
13.9699 0.26624 
11.8749 0.443062 
14.1295 0.320875 
10.3414 0.420827 
14.2367 0.252637 
11.241 0.301125 
13.8746 0.222767 
10.7237 0.340174 
14.349 0.230944 
11.14 0.27561 
15.4669 0.367503 
10.8511 0.397189 
15.2564 0.210821 
11.4902 0.315889 
13.8935 0.240305 
11.0225 0.232325 
14.2358 0.239594 
10.9818 0.253278 
15.8945 0.213173 
10.3801 0.296681 
12.7478 0.196293 
10.416 0.272677 
14.3559 0.22549 
12.7795 0.246799 
12.9751 0.215462 
10.9306 0.232316 
13.7598 0.205361 
11.2137 0.325725 
13.8424 0.248193 
10.8557 0.47222 
14.2931 0.22824 
12.535 0.238737 
13.869 0.208583 
11.5988 0.329015 
14.0091 0.225875 
11.4356 0.245136 
13.7006 0.259055 
12.0807 0.401877 
13.3814 0.228912 
10.3702 0.299841 
14.2059 0.372985 
12.4587 0.461619 
