24.3162 0.285759 24.7486 0.253949 24.5344 0.251841 25.0727 0.226554 23.5104 0.228996 24.7152 0.246572 24.0364 0.343781 
24.8186 0.162378 24.7035 0.151544 24.4897 0.165742 25.0248 0.137169 24.7202 0.147348 24.8038 0.175583 24.8044 0.155389 
24.3893 0.176363 24.7603 0.168357 24.4611 0.19502 24.9945 0.142025 24.9368 0.151698 24.6619 0.163636 24.5619 0.171064 
25.3829 0.170321 25.4194 0.179465 24.9024 0.137549 24.8309 0.140797 25.0536 0.157479 24.6954 0.153572 24.3871 0.142461 
25.0841 0.147353 24.81 0.17128 24.6438 0.186292 24.7879 0.19318 24.8356 0.178117 24.6467 0.132544 24.2195 0.148145 
25.0203 0.13782 24.6951 0.158498 25.2437 0.150373 25.0884 0.170693 24.5115 0.179904 25.2258 0.153878 24.9597 0.146063 
24.7179 0.164645 24.9412 0.150647 25.1074 0.144407 25.0252 0.17564 25.3013 0.184834 25.2113 0.145918 25.0167 0.163736 
25.1223 0.150347 24.6733 0.147903 24.8744 0.164448 25.4584 0.161721 25.1943 0.136524 24.6897 0.168459 24.6599 0.183871 
25.3084 0.15886 24.2484 0.191008 25.4094 0.138189 25.3516 0.199257 25.2662 0.157626 25.6455 0.172474 25.4397 0.151538 
25.3458 0.152402 24.8026 0.163574 25.0648 0.160065 25.1367 0.156226 25.3603 0.172648 24.9208 0.165908 24.9707 0.148751 
25.8425 0.169407 25.2432 0.157391 25.7346 0.168106 24.9621 0.176905 24.58 0.151349 24.9853 0.163123 24.8578 0.1655 
25.2973 0.173285 25.4309 0.156754 25.0413 0.142911 25.3398 0.145078 25.1841 0.170663 25.6708 0.192205 25.4737 0.176665 
24.9015 0.187448 25.6073 0.178693 25.0459 0.160202 25.0472 0.143464 25.1545 0.155737 25.214 0.173031 25.5431 0.162846 
25.36 0.133753 33.3852 0.212064 25.047 0.1573 24.9106 0.165422 24.9667 0.148548 24.6915 0.173411 24.9454 0.147678 
24.2962 0.168686 24.8681 0.151214 24.8617 0.175864 24.8146 0.165578 25.1381 0.165284 24.3881 0.152965 25.0538 0.171223 
25.3965 0.131769 25.0956 0.16223 24.8095 0.165636 25.0985 0.15737 24.6819 0.172472 24.8903 0.134696 24.9728 0.165413 
25.1673 0.144198 25.5515 0.164492 25.6141 0.166735 24.9738 0.169436 25.1003 0.161466 24.89 0.159144 24.9469 0.153085 
24.6305 0.133567 25.2572 0.161738 25.4061 0.169895 24.5479 0.155252 24.5044 0.134941 24.8316 0.144618 24.3056 0.161073 
24.9043 0.14826 25.0313 0.167901 25.0157 0.174952 24.9168 0.17805 25.0108 0.142802 25.3337 0.157816 24.7305 0.183209 
24.7807 0.132823 24.7621 0.147602 24.5481 0.138669 25.2364 0.136926 24.3163 0.161612 25.075 0.173206 24.5437 0.138015 
25.0564 0.174445 24.7296 0.163978 24.7539 0.147051 24.9928 0.171158 24.541 0.162588 24.6584 0.151109 25.2364 0.164153 
25.3235 0.150536 25.2611 0.12909 25.3481 0.156802 24.777 0.144757 25.0377 0.148012 24.8107 0.166417 24.6551 0.151783 
24.7132 0.14058 25.2817 0.15692 25.0105 0.142744 24.5574 0.135438 25.3504 0.160308 24.6384 0.170588 24.8345 0.142978 
24.7959 0.136638 24.6632 0.156093 24.9984 0.15038 25.1663 0.165602 25.5206 0.14681 24.7968 0.137542 24.9217 0.158857 
25.6422 0.185909 25.6686 0.16106 24.8957 0.160042 24.8417 0.16192 25.3037 0.18117 24.818 0.165169 24.6979 0.171364 
25.0976 0.177281 25.4073 0.180918 25.0823 0.169485 25.0331 0.182617 25.1891 0.153793 25.0882 0.178882 25.1572 0.17627 
24.7597 0.273944 25.034 0.240774 25.0085 0.219253 25.5867 0.224176 24.8832 0.252299 25.2573 0.230041 25 0.246816 
