14.1903 0.199029 
14.0609 0.176592 
14.5069 0.0982513 
15.3118 0.218627 
14.955 0.100786 
14.0872 0.134424 
16.2488 0.0980422 
13.3013 0.105305 
15.2298 0.103849 
15.4911 0.112479 
15.6795 0.0941529 
16.3257 0.133894 
16.5647 0.109193 
15.3707 0.12829 
16.4285 0.100553 
15.4859 0.127589 
16.4468 0.101925 
17.445 0.141447 
15.5789 0.0883522 
16.6936 0.131553 
16.2672 0.147496 
17.5186 0.137175 
16.9117 0.0988969 
16.5828 0.137052 
15.9124 0.0982204 
15.7936 0.124196 
15.8799 0.0995768 
16.3242 0.137603 
17.1943 0.104577 
14.9787 0.128476 
16.1192 0.103636 
15.6934 0.125138 
15.7453 0.0928563 
15.5816 0.112636 
15.7037 0.0968653 
16.5279 0.117394 
15.3761 0.0941835 
15.979 0.125362 
15.8098 0.11008 
15.5938 0.117141 
16.2907 0.103877 
15.2149 0.100991 
14.8627 0.0890009 
15.041 0.103702 
14.6605 0.105185 
14.9475 0.09708 
14.8798 0.0991475 
15.0659 0.113507 
14.977 0.0879937 
14.6043 0.110201 
15.2485 0.136892 
15.5387 0.12581 
