9.67844 0.175958 
9.04339 0.164501 
9.58427 0.216859 
9.32265 0.193688 
8.83701 0.438854 
9.6836 0.232553 
8.48497 0.17225 
8.77162 0.20667 
9.23132 0.202962 
8.6426 0.26052 
9.7562 0.226093 
9.88063 0.228682 
9.16059 0.208359 
9.5626 0.234678 
9.59719 0.292302 
9.55454 0.223633 
9.6076 0.263427 
9.39283 0.192046 
9.72852 0.211944 
10.1603 0.230101 
8.86069 0.523726 
9.96431 0.199061 
9.98653 0.222228 
9.59076 0.247226 
9.92244 0.231286 
9.23096 0.244648 
9.76814 0.169562 
9.9362 0.171593 
10.1192 0.21628 
9.81906 0.265016 
9.72044 0.143756 
10.0379 0.18855 
9.41902 0.146855 
9.92859 0.203581 
9.84734 0.196679 
9.92135 0.19016 
10.0177 0.170918 
9.25945 0.167103 
9.88486 0.209008 
9.65983 0.182815 
10.2968 0.244226 
9.86555 0.315337 
9.85033 0.207187 
9.28624 0.242643 
9.23934 0.142821 
8.95181 0.265987 
9.40767 0.181076 
9.13602 0.158012 
9.13926 0.138329 
9.15604 0.139337 
8.91308 0.162432 
7.59162 0.322945 
