11.3704 0.163397 10.215 0.119196 10.737 0.13701 10.3899 0.108777 10.7707 0.118109 10.4192 0.124682 9.62206 0.16713 
11.0297 0.107505 10.3727 0.0931768 11.2974 0.0939443 10.6149 0.0862073 10.397 0.092546 11.2614 0.096936 11.9518 0.10947 
11.1893 0.105458 10.5227 0.0898657 10.8337 0.0852968 10.4979 0.0760507 10.2727 0.0783255 10.8617 0.10516 10.3733 0.1042 
10.892 0.102633 10.8672 0.0834156 10.7939 0.0699929 10.5273 0.0728548 10.5321 0.0814188 10.7239 0.0826831 10.8324 0.0874266 
10.9103 0.083886 10.9843 0.0825011 10.729 0.0766984 10.8282 0.111427 10.2465 0.0847524 10.491 0.0737889 10.9107 0.0894083 
10.1503 0.0667528 10.5131 0.0719945 10.0114 0.0633532 10.6077 0.0825675 9.72102 0.0845278 10.5112 0.0702028 10.4672 0.0810352 
10.1616 0.0786662 10.367 0.0718068 10.4926 0.072327 10.4045 0.0805502 9.96864 0.09036 10.4954 0.0780801 10.0665 0.0918059 
10.311 0.0800308 10.5702 0.0706912 10.457 0.0805761 10.5352 0.0899013 10.0921 0.0628394 10.567 0.0830112 10.7759 0.0935195 
10.5274 0.0665162 10.1895 0.0664179 10.3737 0.0570019 9.86044 0.0636074 9.79395 0.0645831 10.2177 0.0704813 10.6116 0.0653828 
10.0774 0.0544648 10.1239 0.0644628 9.71819 0.0609605 10.1 0.0642183 9.95313 0.0691923 10.4507 0.0655337 10.3158 0.0687187 
10.2525 0.0622851 10.5073 0.0653606 10.4543 0.0640654 9.49231 0.062776 10.1836 0.0759134 9.89748 0.0641536 10.346 0.0581445 
10.5121 0.0655249 10.2422 0.0645306 9.90868 0.0559023 9.98565 0.0531063 9.94512 0.0622862 9.67822 0.0778955 10.098 0.0748161 
10.1398 0.0656909 9.9108 0.0630459 9.79796 0.0607164 9.96268 0.0562761 9.98203 0.0699947 9.71605 0.0633812 10.0675 0.0641091 
10.0685 0.0500449 12.5715 0.0725105 9.99888 0.0600518 9.77395 0.0595092 9.98167 0.0590363 10.157 0.0623768 10.0041 0.0532214 
10.2458 0.0680726 10.216 0.0600641 10.0006 0.0589983 9.94579 0.0628949 9.931 0.0654593 10.2296 0.0661687 9.9497 0.0626328 
10.235 0.0523604 10.0387 0.0579426 10.2424 0.0641427 9.89152 0.0588372 10.127 0.0644245 10.0357 0.0502772 10.0503 0.0717192 
9.98882 0.0570933 10.171 0.0648324 10.2014 0.0628254 10.066 0.0735066 9.88362 0.0622414 10.3317 0.0664718 9.86226 0.062305 
10.071 0.0600424 10.4167 0.0624414 10.0372 0.0618037 10.0026 0.0609691 10.0303 0.056499 10.0542 0.050204 9.82719 0.0618934 
10.093 0.0566279 10.484 0.061911 10.1193 0.0653746 10.0672 0.0670814 10.1966 0.0596095 10.2653 0.0628966 9.90012 0.0647181 
10.4997 0.0572254 10.246 0.0568022 10.2442 0.0558687 10.0831 0.0555217 10.1343 0.0647728 10.5593 0.0685042 10.381 0.0553451 
10.4151 0.0809584 10.0995 0.0660694 10.6856 0.0666559 10.4863 0.069088 10.0892 0.0652918 10.5193 0.0683359 10.4308 0.0751029 
10.6639 0.0685089 10.2868 0.058367 10.2262 0.0675212 10.1076 0.071598 10.3074 0.0592932 10.8714 0.0741968 10.4669 0.0721448 
10.6331 0.0664602 10.0433 0.071516 10.5269 0.0597343 10.2845 0.0576321 10.1556 0.0658898 10.9819 0.0757864 10.1406 0.0713507 
10.3755 0.0710767 10.2127 0.0708297 10.6578 0.0704493 10.4288 0.0693818 10.5538 0.0672379 10.2129 0.0636401 10.8454 0.0869687 
11.0129 0.0972931 10.6912 0.0723509 10.6995 0.0712645 10.6512 0.067805 11.1053 0.0891043 10.7565 0.0785557 11.0463 0.0903264 
11.1001 0.0775847 10.1916 0.089998 10.5264 0.0763134 10.9556 0.0771736 10.5334 0.0649341 11.4369 0.0872809 11.3256 0.104735 
11.1881 0.100441 10.708 0.106893 10.8546 0.0988925 10.8938 0.100761 10.626 0.0976564 11.088 0.0925499 10.493 0.118711 
