24.2446 0.264152 23.2963 0.228703 23.6014 0.244771 23.7903 0.225937 23.73 0.196695 23.4602 0.228614 23.1216 0.331777 
23.5824 0.16031 23.8572 0.130931 23.4594 0.146443 23.8652 0.122294 23.6857 0.150047 23.4591 0.153572 23.1225 0.162138 
23.8756 0.171897 22.687 0.153181 23.1738 0.137946 24.1158 0.133122 23.6921 0.147475 23.2889 0.151602 23.3259 0.152129 
24.2924 0.148117 24.3686 0.148311 23.2123 0.137118 23.34 0.1304 23.0002 0.13899 23.0896 0.136279 23.467 0.139713 
24.0982 0.138875 23.4383 0.15964 23.8173 0.169643 23.8567 0.176958 23.728 0.161526 23.7443 0.122779 23.3689 0.157493 
23.7912 0.126141 23.8914 0.141938 24.1468 0.131569 23.868 0.162916 23.7897 0.163442 23.9119 0.130499 23.5726 0.130132 
23.6364 0.138453 23.9865 0.137775 23.9927 0.13434 23.4896 0.154232 23.5351 0.163088 23.5565 0.135605 24.3903 0.1512 
23.7772 0.138337 23.5181 0.12927 23.9711 0.155509 23.9948 0.149137 23.8406 0.116228 23.6267 0.163134 23.8533 0.16012 
24.0792 0.147572 23.3047 0.178802 23.7772 0.125678 24.3742 0.164936 24.3267 0.159714 23.5916 0.164705 23.5374 0.13424 
23.8757 0.141037 23.477 0.147902 24.0171 0.14543 24.1998 0.149402 24.0764 0.153553 23.8421 0.147483 23.6282 0.142261 
24.3258 0.150473 23.9829 0.142855 24.1835 0.149594 23.311 0.163433 23.8488 0.135189 23.7407 0.140868 23.5255 0.145541 
24.0061 0.152332 23.8116 0.144639 23.7595 0.142422 24.1472 0.131214 24.3887 0.153833 23.9393 0.173041 24.1756 0.167055 
24.0124 0.158716 24.4568 0.166689 23.7999 0.14365 24.0762 0.13488 23.7765 0.153106 24.0418 0.15651 23.6992 0.160219 
23.7781 0.128001 22.2561 0.131117 23.6816 0.143113 24.0307 0.143885 23.7188 0.143389 23.8551 0.152551 23.8376 0.128865 
23.8896 0.146853 23.5693 0.140847 23.271 0.134947 23.0453 0.160594 23.7899 0.157461 23.8362 0.14437 23.752 0.159439 
23.5838 0.131514 24.7727 0.148208 23.8941 0.152714 24.1825 0.159467 23.6502 0.149451 23.9503 0.123587 23.8694 0.174218 
24.0888 0.13334 23.8838 0.144109 24.3053 0.146799 23.8222 0.151968 23.9147 0.137033 23.6231 0.169019 23.6749 0.145104 
23.9049 0.141126 24.0188 0.15084 24.4537 0.148118 23.0245 0.146343 23.8089 0.117133 23.7789 0.12735 24.1251 0.15078 
23.5575 0.142635 23.9947 0.151091 23.5598 0.149327 23.8981 0.146828 23.9549 0.133119 24.0935 0.155755 23.8234 0.148878 
23.8802 0.118826 23.71 0.131718 23.8434 0.126657 23.8398 0.127536 23.6413 0.144972 23.6791 0.150309 23.642 0.118646 
23.1496 0.176729 23.0563 0.142176 23.7867 0.140941 23.6483 0.148546 23.817 0.152355 23.9498 0.145287 23.2883 0.145092 
23.7354 0.135485 23.6019 0.108765 23.9946 0.138379 23.8323 0.143139 24.1007 0.134591 24.2108 0.164163 23.6664 0.130996 
23.903 0.132237 23.461 0.136978 23.546 0.124447 23.847 0.12365 23.892 0.145234 24.0432 0.155663 23.5548 0.127277 
23.6643 0.126697 23.797 0.136502 23.2824 0.124084 23.3583 0.146804 22.9756 0.151448 24.0254 0.126655 23.4472 0.145789 
23.1231 0.146426 23.0661 0.14448 23.1728 0.130545 23.4955 0.143866 23.8383 0.157397 23.6264 0.142842 23.2941 0.150685 
23.2811 0.141733 23.4383 0.169946 23.2413 0.15554 23.8381 0.153897 23.2578 0.136689 23.2846 0.153714 23.5811 0.171389 
23.4684 0.216841 23.08 0.213732 23.4776 0.196582 23.4716 0.206391 23.5113 0.217201 23.8111 0.194987 22.7144 0.234644 
