4.3915 1.88513 
-37.1224 17.0885 
-6.16168 18.763 
-42.1026 9.18539 
5.13026 0.164517 
9.5 47.1761 
4.67655 0.615367 
-19.2493 14.5948 
-52.6431 89.5339 
10.0511 1.07856 
-52.9043 48.9256 
6.08603 7.68519 
7.5 47.1761 
8.59285 116.6 
1.1372 4.68063 
-82.2239 103.171 
6.28492 73.3647 
6.67879 4.8439 
9.74697 1.79271 
9 1.30904 
6.56253 73.1878 
10 0.436347 
10.6803 5.01036 
0.5 5.01036 
4.68036 5.01126 
6.68036 5.01126 
11.5 2.61808 
0.680369 5.01165 
5.68036 5.01126 
10.6804 5.01126 
10.2867 163.427 
10 1.30904 
13.6804 5.01162 
13.6804 5.01126 
-103.865 129.303 
9.67467 65.5716 
7.99929 8.61403 
-66.4154 120.78 
9.68316 196.675 
-68.4921 651.485 
5.81219 11.3708 
-79.5337 251.88 
-135.934 120.533 
-39.8576 100.754 
5.2096 0.174653 
5.70675 0.512176 
4.39637 0.87006 
-62.1688 143.992 
6.61216 93.9248 
3.90197 0.567387 
7.01791 0.107346 
4.84551 1.29304 
