22.9521 0.941784 19.9495 0.566007 21.4357 0.583945 19.3167 0.47157 19.0473 0.554019 19.6025 0.790532 21.8898 1.25877 
18.3971 0.329369 19.763 0.312452 19.071 0.387797 19.0925 0.294753 19.3437 0.284992 19.8083 0.344757 11.3068 0.211908 
18.3221 0.375278 20.0096 0.357682 19.5139 0.398907 19.0554 0.309117 19.556 0.364047 19.6943 0.369267 18.5829 0.2733 
18.0321 0.341917 18.3127 0.290963 19.4889 0.287623 18.3213 0.277979 18.4035 0.274279 19.2755 0.345842 17.1558 0.293999 
21.624 0.332597 20.4413 0.344708 21.3465 0.379851 19.8392 0.416614 20.6382 0.323524 20.3433 0.266091 13.8808 0.243409 
19.2835 0.260849 18.4004 0.306049 19.5915 0.373432 19.0518 0.356058 19.1634 0.367984 19.273 0.382328 18.289 0.251356 
14.976 0.202429 15.1441 0.197472 15.2907 0.349636 14.4956 0.236831 15.625 0.23992 15.739 0.308082 15.1069 0.227492 
15.6577 0.192627 14.4507 0.204968 14.8748 0.256221 14.4752 0.233607 14.7587 0.197733 14.3325 0.253375 14.5214 0.343299 
20.7315 0.315101 19.0618 0.287074 21.7751 0.286113 18.1454 0.321392 20.6419 0.352489 20.4468 0.395842 21.2705 0.331337 
20.2318 0.298667 21.2384 0.337352 19.3123 0.361506 20.0217 0.424886 19.4674 0.356415 20.4948 0.336833 19.9124 0.31419 
20.5819 0.320316 20.9017 0.314956 19.8939 0.365763 20.3282 0.453737 21.5428 0.375027 20.4949 0.344436 20.6743 0.331433 
20.8277 0.338188 20.2083 0.331733 21.0219 0.293974 20.3671 0.307736 19.4303 0.378775 19.564 0.418747 20.2567 0.435077 
19.8693 0.333187 19.8583 0.327033 21.2156 0.344987 20.7346 0.327317 21.1071 0.336246 21.264 0.369957 21.4474 0.328563 
20.5641 0.268887 20.2104 0.285333 20.2929 0.338219 19.8195 0.271068 19.5889 0.307547 20.0159 0.321413 19.3065 0.25969 
21.5577 0.402626 20.8967 0.309554 21.3773 0.343691 20.6881 0.408354 20.6213 0.387473 22.2336 0.371083 20.4205 0.340636 
20.4468 0.260247 25.9223 0.36685 19.7804 0.365823 18.0539 0.367985 20.3161 0.482319 19.4529 0.305596 19.126 0.36014 
20.4667 0.302533 20.1974 0.313795 19.8693 0.355117 20.8826 0.366772 20.5225 0.382931 21.4738 0.42641 21.0907 0.336893 
19.9983 0.303127 19.7411 0.300598 19.9537 0.349463 19.8562 0.399238 19.6902 0.292062 19.8391 0.266525 19.7142 0.4648 
20.5132 0.300954 20.625 0.315508 21.1649 0.394507 20.4364 0.363694 21.662 0.286326 20.8008 0.294161 20.2754 0.311437 
20.9582 0.29403 20.3638 0.291922 19.4607 0.310308 20.7145 0.264564 20.7537 0.332951 19.1116 0.346394 17.9109 0.283606 
19.2403 0.323335 20.44 0.316428 21.1432 0.336242 19.5891 0.28661 20.9623 0.309959 21.1524 0.300012 19.2977 0.315409 
19.9137 0.351044 20.3868 0.251693 18.3454 0.252684 18.3179 0.258979 20.2783 0.339949 19.6681 0.302311 18.4129 0.275867 
19.9358 0.314546 19.9825 0.337345 23.1671 0.356755 19.1553 0.280868 20.5832 0.325876 21.2098 0.384862 19.4543 0.319518 
19.9357 0.27913 18.2114 0.267759 18.8392 0.336087 18.4561 0.279641 19.9288 0.528232 18.9438 0.371328 17.6255 0.262205 
19.593 0.440721 19.385 0.29105 19.9538 0.383733 19.473 0.302602 19.5093 0.436 20.0557 0.294171 20.3592 0.302398 
18.7413 0.288413 19.6638 0.368329 19.454 0.341803 18.7452 0.345528 17.47 0.344316 17.8062 0.320741 16.1792 0.247559 
19.364 0.531531 19.2915 0.427365 18.737 0.411522 18.0831 0.597735 18.3204 0.474513 16.5947 0.315666 15.0216 0.44837 
