19.4084 0.221246 17.8281 0.177961 19.3369 0.211572 18.419 0.174253 19.0348 0.166248 18.599 0.18262 17.5652 0.225423 
18.7414 0.127503 17.9761 0.117719 18.4302 0.128096 17.5166 0.0953332 17.7796 0.0931774 18.8189 0.131467 18.2375 0.114351 
17.9101 0.13228 18.1044 0.116772 18.477 0.124345 18.195 0.112203 18.4023 0.112667 18.2637 0.115152 18.4269 0.120886 
17.2801 0.112534 16.961 0.108325 17.8536 0.0998328 17.206 0.0924473 16.73 0.103218 16.8757 0.0954677 17.0394 0.0977068 
19.9263 0.115387 19.0829 0.128559 18.9868 0.139052 18.5753 0.133886 19.1155 0.128849 19.0712 0.106954 18.5066 0.113338 
18.1542 0.104886 17.3209 0.102807 17.8762 0.108146 17.5437 0.113844 17.1235 0.125335 17.7554 0.106769 17.3198 0.097965 
13.8182 0.0883441 13.6792 0.0776942 14.2672 0.0850426 13.9294 0.0985476 13.3151 0.103712 14.5074 0.0864047 13.8428 0.0870908 
13.7762 0.0821686 13.3754 0.0798985 13.6135 0.0937546 12.8243 0.0885158 13.548 0.0733484 13.5231 0.0969232 13.1124 0.0928688 
19.4585 0.119278 18.4053 0.124636 19.4172 0.108398 18.1361 0.137451 19.8436 0.1286 19.8164 0.13216 19.6263 0.110539 
18.8076 0.118565 18.0555 0.144112 18.4752 0.113805 18.1131 0.110326 18.3318 0.117999 18.3841 0.125943 18.3877 0.111484 
18.8647 0.1389 19.6301 0.12852 18.5791 0.129544 18.5858 0.139853 19.1 0.123323 19.2113 0.115966 18.5249 0.141391 
18.841 0.126517 18.5023 0.1204 18.5239 0.109746 18.6737 0.106734 18.483 0.118465 19.0689 0.138135 18.4757 0.134738 
18.9681 0.135666 18.7649 0.132218 19.7722 0.119869 19.843 0.112865 19.1816 0.129624 19.1688 0.123204 19.1449 0.132709 
19.3398 0.112171 17.3592 0.100004 19.2753 0.124657 17.6999 0.113632 18.231 0.118211 18.6981 0.128322 18.1531 0.109114 
19.7963 0.125159 18.9126 0.123323 19.748 0.135702 18.3478 0.127011 19.9429 0.131995 20.0135 0.113359 20.1948 0.132739 
19.4924 0.105007 18.0364 0.112989 18.1891 0.124387 18.4369 0.114649 18.1136 0.116247 18.5554 0.0952698 17.7402 0.121455 
18.9018 0.107939 19.0278 0.117034 18.258 0.113593 18.9495 0.127438 19.8233 0.115646 19.8873 0.127023 19.0391 0.122409 
18.4643 0.111315 18.1297 0.10974 18.5392 0.119477 17.7474 0.110745 18.2621 0.0971076 17.932 0.103884 18.3316 0.123295 
18.8522 0.114724 18.9387 0.128324 18.5591 0.12529 18.3525 0.125245 19.3978 0.116448 18.642 0.117278 19.4646 0.12594 
19.373 0.109458 18.3406 0.102598 17.6986 0.098595 18.6878 0.109087 18.468 0.12603 18.0598 0.117853 17.428 0.0883447 
18.5712 0.12371 18.1202 0.117827 18.9473 0.123793 17.8011 0.116538 19.2433 0.121802 19.2387 0.11742 18.5733 0.123559 
18.1443 0.106443 18.4747 0.0960839 17.3887 0.0980504 17.1313 0.0977691 17.9417 0.103737 17.8989 0.11496 17.0864 0.0985696 
18.1931 0.099117 17.0396 0.10812 20.6109 0.11261 17.8351 0.10007 18.1899 0.119049 18.7047 0.123803 18.2312 0.101518 
17.563 0.0957964 17.0317 0.110108 16.8812 0.0974931 16.1571 0.0984051 16.9483 0.0956142 17.3831 0.0889175 16.3974 0.0996162 
17.1675 0.107589 17.2086 0.111373 17.3655 0.112934 17.0543 0.103919 17.4247 0.117624 17.4223 0.105313 18.1375 0.128127 
16.601 0.104437 17.0281 0.125209 16.3814 0.108163 16.7546 0.109048 16.4187 0.097943 16.3173 0.113655 16.5164 0.118277 
16.5042 0.151762 16.3091 0.14661 16.2188 0.130086 16.2072 0.137122 15.9697 0.137947 14.8878 0.128212 14.7402 0.16988 
