25.2711 0.248181 23.5602 0.263831 24.7757 0.287533 23.4172 0.213434 24.085 0.201649 23.2595 0.234145 23.0038 0.347645 
24.6935 0.158864 22.5861 0.14031 24.398 0.161109 22.4465 0.126791 23.4133 0.138459 24.2248 0.166057 23.1633 0.156206 
22.8764 0.149534 24.3434 0.158758 23.6313 0.155643 22.704 0.132806 23.4061 0.146303 23.3578 0.161592 22.9144 0.155149 
22.8521 0.145699 21.2762 0.134394 24.068 0.127313 21.9489 0.121061 23.8113 0.155559 24.1199 0.142803 21.2441 0.126141 
25.1417 0.143229 24.6074 0.162896 25.0472 0.194503 24.0933 0.169441 24.9637 0.173503 23.509 0.134055 23.3631 0.156672 
23.2431 0.123896 22.4632 0.135797 22.3766 0.135084 21.876 0.150421 21.4224 0.157988 23.0171 0.133536 22.7783 0.132532 
17.6393 0.097051 16.9744 0.0994028 17.6144 0.113627 17.4397 0.12098 17.3387 0.125698 17.7486 0.108301 17.58 0.117478 
18.3119 0.112846 16.7431 0.0983109 17.0399 0.119939 17.278 0.111339 16.8796 0.0910937 16.5849 0.109936 16.9948 0.114984 
24.5454 0.148313 22.6717 0.143021 25.5551 0.146394 23.102 0.159348 24.0477 0.166301 25.594 0.184319 24.5075 0.158076 
23.672 0.140392 24.3695 0.166613 23.1048 0.137623 24.7037 0.158902 23.6334 0.166293 23.5037 0.178826 23.1118 0.130772 
23.9737 0.149187 24.4095 0.15581 22.5203 0.138227 22.7993 0.161466 24.9431 0.145074 24.4506 0.154795 24.5292 0.172209 
23.5918 0.144857 23.4027 0.152823 24.0562 0.1396 23.3189 0.134784 24.2506 0.159021 24.2907 0.173514 23.4604 0.165732 
24.4549 0.167801 22.9302 0.152052 24.8076 0.150558 23.7146 0.141934 25.1644 0.181882 24.1052 0.166719 24.9287 0.151058 
24.6199 0.135415 22.5167 0.124658 23.9319 0.158185 23.3596 0.155227 23.389 0.145842 23.3643 0.14593 22.7467 0.135835 
24.4007 0.152285 24.0769 0.143999 26.8425 0.162428 23.8686 0.152027 24.6255 0.185932 24.9307 0.15016 26.0241 0.172494 
24.7251 0.133892 21.9504 0.132741 23.4745 0.152991 21.9652 0.134456 23.4589 0.161447 23.4462 0.129092 23.5395 0.161736 
24.3916 0.131943 23.668 0.14183 22.303 0.135961 25.2457 0.166227 24.4264 0.157031 25.0002 0.169193 25.8455 0.161685 
22.8086 0.128645 23.442 0.139679 22.3158 0.143103 23.3009 0.150501 22.5224 0.125496 22.2542 0.118523 23.3194 0.152458 
24.8169 0.147145 23.169 0.13826 24.7131 0.16535 23.3065 0.149245 24.3406 0.138211 23.0589 0.143503 24.673 0.169718 
23.9235 0.124982 23.9967 0.139388 22.5675 0.120154 24.1064 0.138506 23.4151 0.15254 23.8165 0.167261 22.0391 0.118346 
24.0088 0.176201 24.4679 0.153748 23.4711 0.147422 23.4635 0.156909 24.1003 0.148473 24.6842 0.151986 23.9335 0.15824 
23.8564 0.151087 23.9594 0.128866 22.1265 0.131261 22.1608 0.129761 23.4568 0.136999 22.3938 0.146268 21.8844 0.124184 
23.128 0.136989 22.5684 0.139358 26.0986 0.135278 22.4096 0.12372 23.033 0.14999 25.2054 0.177788 23.8115 0.133036 
22.297 0.125967 21.4007 0.130967 23.4618 0.132962 22.2932 0.184773 24.0326 0.151311 21.8318 0.112484 21.9371 0.133513 
23.1306 0.154238 24.3227 0.162256 24.0683 0.146938 23.8596 0.150175 24.1584 0.176401 25.3881 0.172781 25.7283 0.175916 
22.6928 0.138624 24.0322 0.16421 22.8491 0.149765 23.5613 0.169116 22.6903 0.132978 22.1158 0.15082 22.4333 0.160303 
22.8365 0.211322 23.0926 0.221578 22.1143 0.181325 22.7744 0.201186 22.9743 0.196144 20.7297 0.17063 21.0768 0.213807 
