10.3384 0.192312 9.16796 0.177104 9.27013 0.177801 9.07104 0.164158 8.95127 0.158431 9.7859 0.231086 8.20112 0.260384 
9.23867 0.131942 8.78322 0.118239 9.62194 0.167553 9.78726 0.118398 9.79493 0.116175 9.93772 0.128429 9.32167 0.130781 
10.1105 0.136225 9.62469 0.109259 9.33709 0.154082 9.01421 0.0993447 9.24536 0.124142 9.31643 0.148785 9.06057 0.124127 
9.18454 0.156896 9.62876 0.149717 9.29766 0.105949 9.75868 0.113419 10.2696 0.131298 9.66626 0.118595 10.0338 0.142659 
9.56796 0.127875 10.1337 0.135188 9.90564 0.118463 9.86609 0.14363 9.49183 0.130498 9.77377 0.117597 9.60977 0.141203 
9.71615 0.116478 10.01 0.119608 9.66547 0.117673 10.0418 0.129943 9.84637 0.147667 9.78847 0.127231 9.22639 0.113362 
9.66144 0.118574 8.92415 0.157887 9.5931 0.134196 9.55868 0.217458 9.49104 0.155974 9.5111 0.151807 9.43887 0.140891 
9.88606 0.129409 10.4618 0.179844 9.18417 0.535318 10.4521 0.125948 9.28477 0.146855 9.24661 0.202032 9.39106 0.24089 
9.64333 0.157314 10.1237 0.146845 9.99412 0.107978 10.044 0.134604 9.66793 0.119201 9.87028 0.156351 9.54346 0.118951 
9.54483 0.108219 9.63686 0.119063 9.58743 0.115111 9.76171 0.144433 9.42932 0.144343 10.0067 0.141201 9.17869 0.117102 
9.88189 0.141231 10.2838 0.134952 10.7808 0.129906 8.8389 0.127869 9.82993 0.104009 9.88749 0.133106 9.25115 0.115227 
10.3539 0.134018 10.0795 0.140807 9.80356 0.10643 9.66516 0.102096 9.99086 0.124672 8.97886 0.184143 9.77192 0.15196 
9.49997 0.163481 9.28623 0.120602 9.71949 0.122763 9.68047 0.118604 9.86518 0.129084 9.69415 0.116981 10.2098 0.126034 
10.1787 0.100333 12.2572 0.150693 10.7161 0.128546 9.25862 0.15011 10.1621 0.127444 9.97158 0.124445 9.96782 0.113483 
9.95773 0.122118 9.85027 0.108884 10.3636 0.112663 9.89734 0.13373 10.062 0.126016 10.1998 0.138471 9.00598 0.101738 
9.82194 0.106662 9.65169 0.124052 10.294 0.134011 9.59576 0.129795 9.97476 0.140076 9.99407 0.0933647 9.25079 0.132816 
9.43427 0.112546 10.2724 0.141354 10.0047 0.124528 10.103 0.141045 10.1276 0.128266 9.96612 0.138963 9.3918 0.167018 
9.55536 0.114843 10.0819 0.120098 10.0379 0.125379 9.59316 0.123227 10.1274 0.100099 9.67206 0.0987184 9.28559 0.116221 
9.5701 0.108557 10.1572 0.118313 9.66555 0.141172 9.67043 0.14537 9.90425 0.134542 9.93948 0.134538 9.63435 0.124335 
10.3175 0.12019 9.91937 0.104138 9.75394 0.110147 10.1431 0.110509 9.87901 0.113902 10.239 0.163235 9.92348 0.0999345 
9.79489 0.131445 9.95382 0.108634 9.81894 0.116506 10.1561 0.132948 10.0964 0.133865 9.94379 0.131538 9.82456 0.129452 
9.66689 0.126223 9.7034 0.0990756 9.41081 0.101225 10.0283 0.144222 9.6286 0.107452 10.1207 0.135001 9.46378 0.141398 
9.82715 0.102269 9.75694 0.123209 10.14 0.116231 9.40255 0.102803 9.11952 0.11419 10.3456 0.125378 9.66207 0.10608 
9.62008 0.118032 9.08906 0.109019 9.66795 0.111831 9.8957 0.137514 10.2067 0.124295 9.44514 0.105811 9.6141 0.128016 
9.61636 0.119514 9.95968 0.146133 9.55172 0.143848 9.75033 0.118772 9.70418 0.16842 9.86204 0.127689 9.27206 0.117244 
9.78215 0.13326 7.97642 0.208509 9.54158 0.12281 9.85835 0.15391 9.76793 0.146979 9.7145 0.132625 9.29808 0.131435 
10.0095 0.190474 10.1127 0.160041 9.89842 0.169265 10.2934 0.158671 10.0175 0.182766 10.6282 0.159934 10.2813 0.176988 
