29.1849 0.409444 20.2303 0.24773 23.0669 0.32789 20.2712 0.230668 23.4194 0.29474 28.8847 0.42168 35.0801 1.50508 
24.1265 0.207751 23.1189 0.198373 24.5654 0.235504 23.3209 0.166373 21.2968 0.196917 17.5895 0.154025 22.2248 0.190709 
21.6632 0.193323 19.9731 0.182706 19.1227 0.16884 24.0349 0.16983 18.8753 0.153169 20.417 0.194411 19.1216 0.165516 
26.6061 0.239914 18.7418 0.170022 25.1114 0.172825 19.7701 0.150531 20.2463 0.174222 25.6752 0.238194 18.7473 0.165022 
22.0569 0.161701 19.9286 0.172505 25.5998 0.263633 22.8993 0.208097 22.325 0.213175 21.2121 0.166794 18.7894 0.165443 
23.624 0.169137 22.1842 0.195359 21.1397 0.170009 20.8596 0.185367 16.6897 0.170342 23.5904 0.175171 21.1482 0.172468 
19.2293 0.158781 24.7399 0.211511 18.3259 0.14946 20.6837 0.18567 20.3864 0.191163 21.7548 0.174435 20.7179 0.187497 
21.8176 0.17585 20.3433 0.169168 22.4756 0.206543 20.0937 0.175893 22.4834 0.155701 28.4753 0.259554 23.2048 0.221725 
23.4106 0.19821 19.4674 0.182942 20.6135 0.157848 21.3464 0.201224 20.8089 0.175069 23.3672 0.218075 24.0198 0.184552 
22.0306 0.201337 33.8564 0.359881 25.2087 0.226953 22.7509 0.201157 23.6827 0.197475 18.7485 0.155095 20.7266 0.154706 
20.1509 0.173049 19.651 0.172085 17.0179 0.145629 23.1926 0.230312 23.0891 0.181052 20.2426 0.178476 23.1119 0.221541 
21.8243 0.186316 20.8359 0.187374 22.1463 0.161231 21.0349 0.164274 21.9652 0.212861 22.2546 0.219229 22.0258 0.189564 
21.2646 0.193517 21.4983 0.182109 21.5057 0.176533 19.3521 0.151105 20.924 0.174908 23.3172 0.208266 24.8194 0.214242 
19.6999 0.132064 21.9183 0.157253 20.1928 0.165561 25.2975 0.213747 20.3883 0.171028 20.6284 0.184162 17.8608 0.130017 
22.1859 0.181651 22.0104 0.161627 22.5397 0.192321 22.5799 0.206844 21.9528 0.193721 21.9236 0.17721 24.725 0.204907 
22.1224 0.154186 21.082 0.165866 23.1804 0.209931 21.7321 0.207529 22.2128 0.188766 21.7143 0.151156 22.2652 0.194352 
23.5818 0.180815 23.3433 0.190441 22.6384 0.180098 22.2328 0.196127 22.8846 0.175262 21.615 0.201008 21.8092 0.187374 
24.27 0.177423 22.2875 0.168318 22.7626 0.19916 23.8355 0.208964 20.5079 0.141437 21.5188 0.146796 22.1595 0.19761 
23.22 0.17476 22.3694 0.18455 22.6279 0.235177 22.2316 0.192757 21.4786 0.162107 21.8214 0.174314 22.9468 0.195778 
21.0858 0.161663 20.7882 0.16005 23.4345 0.166587 22.2186 0.159745 21.8879 0.188441 21.8153 0.186119 21.8849 0.161647 
23.1124 0.197129 20.4967 0.174489 20.7029 0.164082 20.6384 0.167775 20.2553 0.157485 22.5375 0.186582 21.5082 0.173498 
23.4509 0.183222 22.765 0.145145 20.4355 0.160073 21.2922 0.160435 22.6282 0.169317 20.9626 0.175063 21.4703 0.166842 
21.3777 0.154827 21.4245 0.185159 20.5606 0.150744 25.8113 0.182397 24.5983 0.201285 22.9296 0.207938 20.3157 0.171473 
20.8295 0.152701 19.6236 0.161678 21.3242 0.154877 20.9041 0.167426 20.617 0.144351 21.4788 0.150112 19.4416 0.166005 
20.7542 0.190806 21.9503 0.180606 22.5925 0.190385 21.3493 0.156475 24.263 0.226349 22.5767 0.187479 23.2836 0.192776 
19.9541 0.172884 24.4786 0.23276 21.2944 0.184649 22.1887 0.214257 20.9487 0.160323 20.7974 0.199966 22.4377 0.219088 
15.7475 0.234393 17.2506 0.221013 15.6188 0.174536 16.8697 0.204064 19.3768 0.22688 17.4354 0.217019 24.3481 0.351588 
