16.9007 0.208572 14.9232 0.160212 15.3465 0.189969 16.0957 0.151234 16.9482 0.184709 16.0348 0.209323 14.6239 0.24199 
15.9926 0.118009 15.6771 0.0989989 15.5444 0.116977 15.3929 0.0931532 15.1784 0.0945429 15.6958 0.111789 16.3117 0.116889 
15.4039 0.113113 15.35 0.0996357 16.0931 0.11227 16.142 0.0971548 16.4656 0.109951 15.6321 0.114766 16.03 0.109283 
15.4007 0.11342 14.9794 0.109459 15.0027 0.0862495 15.0383 0.0926863 12.8676 0.0874206 13.417 0.0918599 14.8873 0.0969569 
17.4306 0.122222 16.564 0.116425 15.9222 0.126983 16.3024 0.135031 16.4342 0.119728 16.5422 0.102337 16.0512 0.11059 
16.0637 0.100514 15.1461 0.0989904 15.8913 0.0986661 15.4793 0.107096 15.4917 0.119062 15.1275 0.0966111 14.6699 0.0938597 
12.0348 0.0892269 12.1382 0.0741836 12.3795 0.0757859 11.8858 0.0884117 12.227 0.101209 12.3296 0.0891252 11.7125 0.0893756 
11.5844 0.0680595 11.4969 0.0814077 11.9727 0.0897738 10.8727 0.0757619 12.1555 0.070622 11.9786 0.087956 11.3614 0.090084 
16.7672 0.1092 16.3479 0.124933 16.3764 0.105881 16.1543 0.127773 17.9409 0.134824 17.0985 0.121774 16.9868 0.106054 
16.7115 0.104636 15.8923 0.101112 16.4547 0.101323 15.5289 0.109372 15.6957 0.103346 15.8813 0.120351 16.2061 0.103888 
16.8903 0.111838 17.256 0.114117 16.9254 0.113741 16.3702 0.124077 16.5526 0.106812 16.8716 0.116942 15.8989 0.114277 
16.0458 0.10717 16.2144 0.114522 16.0434 0.0947761 15.9813 0.0980859 16.2441 0.112598 16.3165 0.131019 16.5355 0.126044 
16.6445 0.11657 16.9689 0.125253 17.4835 0.113289 17.0903 0.110266 16.0604 0.110458 16.6956 0.125571 16.6834 0.11425 
16.9308 0.0916436 14.1549 0.0937899 16.812 0.120415 15.4374 0.106475 15.9349 0.107672 16.7947 0.122054 16.1761 0.0950015 
17.1472 0.117536 15.9887 0.0981256 17.0475 0.114877 15.6471 0.108932 17.3819 0.135055 16.854 0.108371 17.0629 0.127604 
16.7578 0.0949701 16.4146 0.111531 16.0327 0.116335 16.259 0.112809 15.6199 0.11051 15.834 0.0886639 15.1828 0.108524 
16.2644 0.0956176 16.4664 0.106163 16.2554 0.107704 16.1375 0.119226 17.3136 0.11561 17.132 0.11914 16.5531 0.120764 
16.5987 0.106198 15.689 0.0958727 16.2326 0.110066 14.8669 0.104222 16.0719 0.0909336 15.4798 0.0916815 15.8833 0.106734 
15.8379 0.0978554 16.6759 0.114083 15.2706 0.110522 15.9249 0.115618 17.0257 0.101953 16.5091 0.122919 16.2927 0.114555 
17.0128 0.0912047 15.8003 0.0958045 15.4726 0.0916635 16.1156 0.0982421 16.3616 0.112874 15.2206 0.114265 15.1033 0.0890934 
16.3985 0.121793 15.5367 0.111144 16.6258 0.108814 15.4825 0.110719 17.1842 0.119003 16.2905 0.117073 16.3339 0.112022 
15.4821 0.0997117 15.7481 0.0835005 15.0878 0.0963413 14.4752 0.117597 15.7759 0.0934369 15.8346 0.118542 14.811 0.0968518 
15.7862 0.0897827 15.0333 0.10312 17.9497 0.101726 15.4902 0.0952008 16.3278 0.108909 15.6475 0.111668 15.7077 0.0945558 
15.1263 0.100342 15.0575 0.0980687 13.5995 0.0838111 12.9681 0.107889 13.5125 0.0871376 15.3735 0.0926725 13.7596 0.0947402 
13.5428 0.108854 13.827 0.101085 14.1327 0.0986693 13.5362 0.100662 14.7929 0.134288 14.6507 0.113226 15.0384 0.114259 
13.5173 0.0993885 13.5048 0.111055 13.5217 0.100965 13.3608 0.10105 13.0826 0.0893673 12.9226 0.101983 12.7855 0.102038 
13.2395 0.155273 12.9369 0.142279 12.6689 0.125805 12.8689 0.127184 12.9733 0.132573 11.8128 0.114205 11.6416 0.147354 
