12.478 0.157146 14.1676 0.158423 13.8956 0.17242 15.0103 0.149295 14.1941 0.151691 14.676 0.184429 15.3684 0.232892 
15.3221 0.113828 14.3632 0.0961143 13.7858 0.104638 14.7138 0.0896903 14.2122 0.0989193 14.1225 0.106771 14.233 0.108053 
14.9578 0.113875 14.5385 0.11077 14.2674 0.106942 15.2258 0.104942 14.8224 0.107375 14.2183 0.107164 14.2484 0.108783 
15.3305 0.114873 14.3152 0.106731 14.1104 0.0853932 14.7757 0.0889497 14.6608 0.106352 15.2739 0.104934 14.3773 0.106461 
14.4995 0.0969165 14.3166 0.105481 14.2027 0.125682 14.9975 0.123584 13.53 0.117647 14.7418 0.093517 14.3264 0.108716 
14.5874 0.088835 14.8315 0.114533 14.7896 0.105254 14.692 0.114302 14.8818 0.133571 14.1755 0.0959919 14.7127 0.100487 
14.2228 0.0884127 14.0127 0.09444 15.0537 0.104988 14.4628 0.106313 14.7709 0.133146 14.3159 0.101435 14.102 0.112662 
14.6467 0.114615 14.8688 0.10331 14.3741 0.114449 15.33 0.112982 14.721 0.0898681 14.977 0.115357 14.581 0.11325 
14.4085 0.146874 14.1548 0.106313 14.752 0.101158 15.7233 0.115616 14.0207 0.102549 14.9317 0.114498 14.0337 0.0915538 
15.2087 0.105696 14.7366 0.11592 14.1578 0.092788 15.5837 0.113779 14.7465 0.131876 15.307 0.113243 15.5195 0.110218 
15.0441 0.104893 15.3809 0.110327 15.0312 0.108073 15.7834 0.121634 15.3237 0.109486 15.2657 0.106646 15.4415 0.11303 
14.5088 0.114491 15.2536 0.1166 14.5002 0.106864 15.552 0.0932176 14.452 0.104128 14.647 0.121044 14.9516 0.11642 
14.8085 0.11605 13.842 0.108584 14.8623 0.1014 15.189 0.099205 14.5193 0.111935 14.5733 0.107137 15.1837 0.116436 
15.6549 0.0922225 12.9219 0.0889171 14.4286 0.0986306 14.2658 0.098084 14.7983 0.0949628 15.0834 0.104259 14.8816 0.0929686 
15.7912 0.107734 14.3839 0.0940313 15.1346 0.101493 14.6356 0.112541 14.5892 0.106795 15.1746 0.106175 15.1135 0.1142 
14.8279 0.0892363 15.0585 0.104449 15.2268 0.110827 15.3736 0.112292 14.6782 0.107346 14.7502 0.0910554 15.0884 0.113911 
15.259 0.0932216 15.1871 0.103688 15.1945 0.111421 14.7181 0.102608 14.4093 0.101098 14.6309 0.11106 14.9887 0.103308 
14.6548 0.0998865 14.9707 0.105456 14.3858 0.108766 14.9924 0.105815 14.7585 0.091452 14.6102 0.0911043 15.3909 0.11686 
15.4922 0.0994962 14.4914 0.104605 14.7225 0.106954 15.0193 0.10447 14.929 0.0975186 14.2834 0.102402 14.7902 0.105708 
14.9164 0.0890691 14.8299 0.0961892 15.3038 0.0949488 15.3073 0.096751 15.0016 0.114484 15.6228 0.118154 15.0869 0.0925302 
15.0673 0.132531 15.2087 0.113045 14.6459 0.106563 15.0437 0.108892 14.4846 0.0945329 14.7911 0.10829 15.4406 0.10488 
14.0672 0.100649 14.6288 0.0829575 14.8983 0.0985373 14.8031 0.0965671 15.0867 0.104828 14.9609 0.112067 15.2413 0.0952126 
14.6991 0.0948147 14.8899 0.110964 14.2366 0.0874048 15.3092 0.0970658 13.6205 0.0922157 15.0066 0.113765 15.1435 0.100734 
14.732 0.101427 14.5707 0.103774 14.363 0.0966699 14.098 0.1045 14.191 0.0938366 14.8785 0.0988742 14.2263 0.0996468 
14.0999 0.10827 13.957 0.107416 13.8597 0.101985 14.1683 0.103193 14.6109 0.121574 14.2783 0.11708 14.0586 0.113683 
13.5934 0.0970751 13.4943 0.111274 13.6595 0.111693 13.4656 0.105811 14.5671 0.102793 14.2403 0.11063 13.2397 0.116209 
14.3949 0.156651 14.0703 0.137773 14.4398 0.151201 13.9899 0.144492 13.9877 0.137083 14.2726 0.18691 14.6264 0.16574 
