11.3529 1.95598 8.46096 1.08834 11.1686 1.27565 9.74081 1.15256 8.52924 1.9644 10.9926 6.32207 7.75489 10.7438 
8.66235 0.273745 8.9078 0.752235 9.15294 1.59121 9.0831 0.537396 8.96454 0.606144 10.132 0.319577 9.30904 0.443293 
9.43736 0.404504 9.89963 0.439045 10.1566 1.01503 8.60474 0.377831 9.37568 0.498775 9.09581 1.2425 8.85792 0.866386 
7.02337 1.04639 8.19248 1.30644 9.15271 0.359091 9.29854 0.504639 10.4785 0.698484 8.19733 0.657755 10.1409 0.918018 
9.72445 0.666596 10.0336 0.353975 9.96479 0.400703 10.8129 1.10536 10.2451 1.29161 9.39329 0.225674 9.65286 0.499164 
9.90236 0.486507 9.9075 0.730869 9.18497 0.351878 8.97908 0.283442 10.4727 0.811418 9.88391 0.353061 -21.9764 161.424 
7.40471 0.265532 6.68273 0.148547 7.25239 0.443244 7.13398 0.291822 -0.187195 16.4233 7.15567 0.191415 1.62965 4.50551 
6.94246 0.195305 6.36214 1.45189 -16.7832 81.6861 6.72061 0.599226 6.64115 0.291155 6.10606 0.783867 7.17094 0.240528 
9.37331 1.78199 10.0662 0.715329 10.6366 0.357098 9.98403 0.81986 7.60839 3.59743 10.0937 0.871201 9.87707 0.350217 
8.78742 0.422501 8.81153 0.401244 9.11773 0.5209 8.43724 0.869438 9.313 0.303591 10.0479 0.51795 8.51111 0.212533 
10.2341 0.573056 10.1094 0.449412 9.82976 1.5831 9.09655 0.365522 10.4188 0.436452 10.0039 0.352882 9.39908 0.349503 
9.81233 0.312363 9.65817 0.53575 9.55292 0.472736 9.09829 0.257001 9.42583 0.369907 9.3277 0.729033 8.91078 0.508459 
9.43972 0.428708 10.2733 0.467119 8.81475 1.05104 10.2442 0.386505 9.81538 0.376097 10.6054 0.43431 10.2348 0.642033 
9.79705 0.210135 11.5675 0.529146 10.3328 0.456855 9.15302 0.265645 9.6378 0.32329 10.0937 0.348125 9.37005 0.265067 
9.86963 0.320289 9.45981 0.279503 10.4812 0.657283 9.30876 0.32635 11.5738 0.474379 11.8746 0.669409 9.69016 0.441618 
10.5218 0.375104 9.08739 0.401185 -10.7908 75.1135 9.01469 0.247858 9.94993 0.537505 10.0013 0.25412 8.13638 0.719513 
9.41631 0.279681 10.1393 0.821928 8.90114 0.284515 10.79 0.517987 9.95248 0.357094 10.9857 0.657491 10.4019 0.967751 
9.09801 0.368597 9.75074 0.3202 9.4527 0.320861 9.25987 0.303002 9.6889 0.291841 9.46044 0.390145 8.39441 0.789377 
8.80221 0.216505 9.97938 0.298484 9.7098 0.392558 9.52499 0.348113 9.11428 0.265395 10.0595 0.391716 10.2729 0.470213 
10.1977 0.306622 9.31408 0.327585 9.63589 0.359188 9.19404 0.340824 9.65055 0.647768 9.93261 0.659666 8.50389 0.246728 
9.48803 0.3675 9.30018 0.28283 9.57426 0.320283 9.29586 0.311794 10.4183 0.457532 9.82728 0.438873 10.1898 0.566278 
9.65635 0.322296 9.22579 0.361615 8.6882 0.278429 8.6198 0.287481 8.79052 0.343794 9.93928 0.379025 8.07836 0.682033 
9.33535 0.319953 9.08258 0.323471 10.8313 0.262516 4.32442 7.77032 9.15299 0.407747 10.6439 0.582779 9.45377 0.349778 
9.36707 0.238074 8.11011 0.944085 9.33969 0.351521 9.4956 0.399679 9.15051 0.319684 8.40707 0.252593 8.78531 0.251003 
9.64324 0.265758 7.8988 1.73536 9.6952 0.753554 8.50241 1.01532 9.84954 0.459236 7.85327 3.05705 7.48985 1.44572 
8.90331 0.937834 4.3212 6.74967 9.43534 0.525723 9.41475 0.480145 9.01158 0.290224 1.55494 8.92497 8.27822 0.324535 
9.26512 0.535609 8.9499 0.528468 9.30116 0.734845 8.74492 1.16282 8.7127 0.370065 8.00908 0.868349 8.31526 0.383837 
