21.9572 0.211594 
19.8103 0.197189 
19.8904 0.123348 
22.5392 0.207675 
20.8197 0.126721 
19.5351 0.148094 
21.7905 0.131817 
18.1085 0.13417 
20.7932 0.124652 
20.8676 0.154243 
21.4924 0.135738 
22.3237 0.149261 
23.0207 0.148598 
20.4006 0.159623 
21.9974 0.12545 
21.8104 0.156753 
23.6819 0.132363 
23.4023 0.173061 
21.3419 0.116243 
23.2996 0.164405 
21.2227 0.171592 
24.4028 0.173304 
23.1221 0.125464 
22.8894 0.15202 
21.8553 0.119051 
22.0908 0.157065 
22.7692 0.132337 
22.4538 0.163982 
22.7871 0.166809 
21.404 0.156117 
23.519 0.140769 
22.6112 0.163847 
21.1331 0.12031 
20.4936 0.151094 
20.8777 0.125864 
21.764 0.130181 
20.419 0.112563 
22.9356 0.15873 
20.9267 0.137052 
21.0491 0.139445 
23.1897 0.138678 
21.2007 0.136339 
19.661 0.116495 
20.7818 0.13865 
19.7756 0.10724 
20.9674 0.156343 
20.345 0.129095 
20.7901 0.137762 
20.2898 0.119544 
19.7486 0.14975 
22.132 0.188098 
21.9352 0.153213 
