20.2191 0.265263 
18.5526 0.167886 
18.2934 0.119394 
20.7705 0.28968 
19.5125 0.125813 
18.4344 0.148712 
20.5702 0.138827 
16.7981 0.134708 
19.4274 0.147045 
19.7554 0.162773 
20.2114 0.130331 
21.3034 0.163411 
21.7291 0.141557 
19.0009 0.156849 
20.73 0.126062 
20.6624 0.150247 
22.3627 0.134172 
22.2803 0.183196 
20.6478 0.129125 
22.1242 0.176117 
20.0592 0.179654 
22.8538 0.168982 
21.8519 0.12535 
20.7745 0.151203 
20.7146 0.122098 
20.629 0.180755 
21.3756 0.134418 
21.3064 0.156741 
21.497 0.135637 
20.2966 0.160438 
22.3251 0.157586 
21.4447 0.167257 
20.0303 0.12333 
19.4901 0.150151 
19.7778 0.123516 
20.8114 0.138289 
19.092 0.110371 
21.6028 0.176992 
19.9202 0.147979 
19.824 0.144306 
21.4914 0.133638 
19.8887 0.144516 
18.6774 0.120562 
19.3964 0.145301 
18.495 0.118513 
19.6927 0.140905 
19.1848 0.125462 
19.5218 0.149807 
18.8073 0.130616 
18.7536 0.131193 
20.8721 0.170043 
20.5408 0.171027 
