21.8143 0.395136 
24.6986 0.265261 
21.7522 0.244042 
27.3134 0.285172 
27.2482 0.345615 
23.0632 0.275838 
27.3383 0.351137 
21.4512 0.234482 
26.4847 0.295539 
25.1852 0.286477 
27.2224 0.338141 
28.8931 0.291586 
32.9792 0.425408 
22.1263 0.252436 
23.869 0.299188 
28.6494 0.357493 
29.6508 0.371254 
27.8999 0.334682 
25.1248 0.293156 
28.902 0.299814 
25.5137 0.456093 
27.9606 0.327837 
27.4425 0.28334 
29.4958 0.332878 
24.6107 0.26951 
29.5241 0.372731 
29.4053 0.357864 
26.8115 0.327589 
24.859 0.303268 
28.9665 0.376681 
27.9764 0.333771 
26.3472 0.333313 
28.2979 0.362489 
24.4672 0.282351 
27.1626 0.314338 
27.7357 0.30353 
24.6282 0.25233 
28.432 0.356902 
28.1518 0.343994 
25.552 0.313534 
30.5082 0.379808 
26.3737 0.275978 
24.1347 0.270616 
27.4518 0.308741 
23.9741 0.24609 
26.5267 0.317153 
26.1357 0.272986 
24.4247 0.329438 
27.3771 0.258204 
26.2183 0.248492 
29.0815 0.410503 
32.0206 0.438262 
