7.92041 1.57198 
9.35673 0.270588 
9.60234 0.240238 
6.69244 0.612966 
8.44604 0.180067 
9.77078 0.359649 
10.0311 0.289616 
10.3091 0.501262 
10.2161 0.308345 
9.69896 0.375819 
8.16337 0.183226 
10.2159 0.653733 
10.5276 0.357137 
8.90719 0.303026 
9.25175 0.236361 
10.8941 0.55687 
8.93892 0.197942 
9.88251 0.332114 
9.98679 0.392353 
9.15627 0.441785 
9.13482 0.641639 
9.80312 0.464038 
10.216 0.260125 
8.83624 0.427342 
8.67795 0.263618 
8.64422 1.38353 
8.42721 0.221383 
8.97868 0.285942 
9.35503 0.251062 
7.77541 0.348365 
8.62018 0.243697 
8.71357 0.341043 
9.86646 0.195838 
10.6755 0.459136 
9.44335 0.235295 
8.87216 0.382601 
9.16369 0.227249 
8.81645 0.336755 
9.33026 0.337177 
9.39771 0.279503 
7.73252 0.195403 
9.46512 0.505976 
8.62586 0.228209 
9.99632 0.394856 
9.02337 0.252838 
8.58941 0.211462 
8.37327 0.189639 
8.92995 0.319873 
7.23182 0.129292 
7.96097 0.244251 
8.54628 0.585502 
7.82884 0.377698 
