-300.453 40.4455 -194.582 59.0313 -190.98 133.462 0 0 -302.539 85.4559 -128.65 267.532 26.1495 803.831 
-286.787 112.329 -242.553 223.815 -175.281 145.83 23.7343 166.855 -432.948 109.48 -259.732 223.324 -144.121 309.913 
-426.446 225.5 -304.258 122.66 -337.924 109.462 28.4736 7.28686 -117.331 201.896 -59.6118 290.96 -122.564 256.926 
-626.262 118.422 -456.905 104.275 -462.963 54.9593 5.71029 0.543014 -312.632 78.803 -234.318 246.225 -145.213 268.383 
-609.934 78.3888 -379.048 90.0393 -325.188 336.904 -225.211 216.941 -198.774 259.271 15.0187 142.059 -224.375 374.184 
-257.849 364.18 -609.251 133.739 -190.555 232.382 -263.494 143.674 -195.901 213.471 -44.7711 616.375 -40.4453 271.387 
-130.308 270.743 -501.908 398.138 -534.21 47.0904 -161.56 148.458 -119.956 211.178 11.5999 137.413 -13.2655 271.937 
-420.277 67.7145 -174.471 204.997 -547.673 142.536 -407.474 84.6392 -344.283 1079.03 -112.85 212.958 26.2601 42.2633 
-488.959 111.575 -469.18 112.369 -606.486 128.302 -344.518 99.5581 -230.622 298.516 -181.791 273.455 -87.3827 199.563 
-549.274 86.7531 -508.582 67.5903 -583.954 92.1029 -532.33 147.835 -373.142 68.1196 -356.707 43.5117 -186.86 231.664 
-355.274 46.501 -457.07 145.537 -445.55 95.475 -506.197 113.094 -514.68 155.804 -210.786 205.329 -0.360152 98.7073 
-166.837 25.7311 -461.384 106.049 -442.182 75.8397 -374.052 63.8457 -410.536 120.865 -481.206 105.121 -294.072 392.854 
-494.35 30.4159 -416.038 114.426 -589.449 88.7633 -452.211 130.659 -517.055 58.5419 -495.544 69.7543 -237.451 135.384 
-98.6922 18.994 -362.904 86.1374 -233.238 31.4115 -278.068 33.9008 -384.117 67.2865 -405.001 102.737 -412.256 115.385 
4.45741 0.0747413 4.6207 0.50803 -326.926 47.2796 -497.382 58.7885 -541.881 86.3054 -405.028 395.811 -368.798 100.246 
5.06913 0.0901552 -367.348 79.4813 -333.943 31.2942 -357.209 68.9631 -328.318 73.0211 -501.245 101.719 -495.863 91.0351 
-286.274 44.9676 -265.696 48.7865 -327.694 64.8548 -619.021 79.1964 -488.618 103.137 -572.484 132.918 -520.475 125.587 
-276.204 60.3785 -261.531 43.349 -4.65882 218.061 -472.336 114.059 -526.988 99.2752 -526.71 117.182 -537.007 130.118 
-445.655 61.2381 -531.306 92.5033 -496.612 113.211 -418.202 83.8444 -470.409 97.6547 -537.583 59.0346 -124.561 225.134 
-660.955 83.5998 -396.006 85.8809 -579.499 67.0318 -510.633 105.476 -329.785 66.8345 -298.54 85.7809 -176.042 177.599 
-345.751 81.4781 -370.128 64.2267 -516.003 81.8602 -426.121 53.9429 -517.42 112.116 -422.851 43.1357 -366.257 82.1434 
-589.981 108.056 -401.271 57.54 -247.039 258.714 -430.173 58.6141 -267.88 97.2007 -3.05911 272.969 -190.653 335.662 
-552.529 120.129 -152.531 223.411 -227.867 196.845 20.0183 28.3842 -200.258 274.737 -136.53 374.811 -101.426 357.657 
-246.672 184.452 -118.983 219.86 19.3488 14.9881 -149.634 130.166 13.05 46.1302 -102.731 241.156 23.1519 64.6158 
-226.036 286.045 -33.5091 417.352 -193.376 249.099 20.1416 110.865 19.839 59.1532 -44.9094 215.455 27.6031 24.9523 
25.2853 23.209 14.7257 90.7586 -111.338 155.79 1.36567 119.788 11.7833 161.287 29.6932 19.6991 31.7431 28.3605 
-120.495 432.253 -63.6516 274.157 -17.1518 388.521 7.8558 71.903 -178.293 622.908 10.3005 119.153 -257.897 2197.17 
