14.7332 0.190687 
14.7207 0.156493 
14.9926 0.108686 
16.0694 0.217773 
15.645 0.10813 
14.7339 0.14227 
16.9115 0.112647 
13.6701 0.192322 
15.8013 0.100488 
15.9532 0.12156 
16.6843 0.111079 
16.9767 0.127909 
17.3611 0.119317 
15.7492 0.131621 
16.8464 0.10471 
16.7971 0.132133 
17.5521 0.111198 
18.3328 0.146736 
16.4353 0.105994 
17.5233 0.149605 
16.5661 0.152244 
18.2998 0.150093 
17.8216 0.115025 
17.2416 0.133636 
16.5223 0.102453 
16.5186 0.149048 
16.9849 0.112398 
16.6991 0.127775 
17.676 0.114449 
15.6304 0.143014 
16.9381 0.114969 
16.8308 0.133888 
16.3905 0.100898 
15.7712 0.112724 
16.5323 0.105787 
17.1065 0.174173 
15.9915 0.10342 
16.5533 0.132263 
16.3949 0.114057 
16.3188 0.124839 
17.2639 0.112641 
15.9684 0.116238 
15.3299 0.104276 
15.6064 0.122748 
15.0206 0.102037 
15.9567 0.120378 
15.6238 0.0969907 
15.4016 0.115806 
15.3187 0.0949009 
15.4249 0.119636 
15.7189 0.133046 
15.9797 0.133918 
