8.86246 0.273729 
7.91677 0.31418 
8.41794 0.134875 
6.62919 0.246293 
7.49433 0.129708 
8.05182 0.211775 
8.30127 0.480144 
7.80436 0.185944 
8.66061 0.136162 
7.50843 0.206712 
7.42617 0.190175 
7.99879 0.219618 
8.96805 0.169018 
6.66618 0.220681 
7.55763 0.143872 
8.1882 0.192539 
7.95324 0.144152 
8.16507 0.423498 
8.86738 0.180395 
7.66017 0.262603 
9.24755 0.406524 
6.81806 0.284719 
9.06228 0.18423 
6.7972 0.172087 
7.44192 0.20894 
6.28199 0.871743 
7.41561 0.328961 
6.3677 0.250374 
7.83288 0.183813 
6.28646 0.376343 
6.27675 0.186762 
6.30888 0.227189 
8.37987 0.246403 
8.83323 0.497701 
6.97422 0.167118 
6.56206 0.501794 
7.92696 0.183137 
5.51818 0.124531 
7.4378 0.175699 
6.43619 0.182901 
6.75513 0.161356 
6.97191 0.251856 
7.70628 0.174643 
7.34692 0.252228 
7.42905 0.205852 
6.84228 0.325487 
7.45525 0.12927 
7.20053 0.2839 
7.12868 0.126974 
6.40915 0.237514 
7.26871 0.640171 
6.88888 0.187468 
