16.6784 0.474438 
18.8077 0.321172 
17.2489 0.297624 
20.8839 0.413088 
20.392 0.589943 
17.2709 0.425093 
21.7934 0.648188 
17.8999 0.399049 
22.3656 0.760599 
20.5859 0.523831 
21.397 0.501123 
22.8547 0.543415 
25.4768 0.834785 
17.4791 0.428841 
19.6767 0.396924 
21.7497 0.865271 
23.2384 0.574594 
22.5967 0.515981 
21.4838 0.50642 
22.8339 0.896175 
21.2206 1.6259 
23.1335 0.68375 
21.3821 0.831588 
24.7911 0.744435 
19.6084 0.686413 
24.6552 1.18172 
23.3949 0.597876 
20.6504 0.491062 
20.9835 0.58882 
22.8651 0.703885 
23.7696 0.737026 
22.1845 0.661824 
22.721 0.759796 
19.259 0.429681 
20.2527 1.70911 
24.9747 0.742425 
20.9666 0.666605 
24.4915 0.689612 
23.1915 0.650077 
20.5381 0.572482 
24.4066 0.427199 
20.9272 0.501824 
18.9503 0.4069 
21.936 0.629839 
19.8831 0.448363 
22.4046 0.560531 
21.9614 0.492725 
21.2799 0.618884 
21.2383 0.369162 
21.6265 0.377237 
22.0457 0.465027 
26.387 0.553989 
