26.5161 0.251187 25.6028 0.252281 26.9135 0.278883 25.9443 0.224169 26.0218 0.234244 25.9568 0.276738 26.4451 0.380527 
26.0148 0.172659 25.8309 0.159089 26.4652 0.166103 26.3513 0.138439 25.5686 0.157618 25.9455 0.180132 26.5307 0.16516 
26.3729 0.173966 26.1973 0.15577 26.3614 0.171882 26.0147 0.149475 25.7888 0.152306 25.7762 0.155956 25.9683 0.1578 
26.2806 0.171933 26.3569 0.172387 26.8112 0.146348 25.4332 0.144208 26.9737 0.160984 26.7236 0.162618 25.8214 0.150075 
26.433 0.160343 25.7849 0.168569 26.3374 0.200398 26.4409 0.194416 26.5893 0.176013 26.1916 0.147691 25.6794 0.167546 
25.6707 0.143686 26.4191 0.161004 26.0661 0.156946 26.2252 0.167921 25.8427 0.183668 26.2794 0.147608 26.3548 0.161103 
25.652 0.149482 26.1382 0.150581 26.1517 0.153378 26.1505 0.169224 25.8243 0.178184 26.0886 0.155605 26.4944 0.167032 
26.5507 0.153315 25.9157 0.156142 26.4682 0.178867 26.7002 0.15928 26.1389 0.135207 25.7468 0.16776 26.184 0.175134 
26.4737 0.156513 26.4161 0.168381 26.3511 0.149549 26.6787 0.190688 26.211 0.174359 26.8804 0.179775 26.0877 0.148046 
26.341 0.168829 26.2932 0.160421 25.676 0.147074 26.9398 0.171926 26.6413 0.173831 26.0381 0.164865 25.6756 0.158142 
26.7059 0.163673 25.8366 0.219645 25.6696 0.169554 25.8616 0.178082 26.1368 0.150415 26.5319 0.180466 26.618 0.167278 
26.6689 0.176518 26.3681 0.171711 26.5833 0.146672 26.4602 0.146663 26.4038 0.171615 26.31 0.199575 26.4687 0.189036 
26.8596 0.177542 26.0889 0.167004 25.6286 0.156419 26.2344 0.156374 26.4935 0.170314 26.2266 0.185822 26.6776 0.164394 
26.381 0.135589 25.4206 0.152877 26.2057 0.164197 25.844 0.157731 25.3483 0.152344 26.0364 0.162473 26.2442 0.14596 
25.9946 0.171027 26.2694 0.143184 26.4688 0.163474 26.961 0.172631 25.4725 0.164134 26.5103 0.166537 26.555 0.176626 
26.3121 0.141034 26.2828 0.156171 26.3205 0.181325 26.0634 0.155851 25.9063 0.176196 26.0235 0.140359 26.5957 0.179943 
26.5424 0.144823 25.9976 0.176465 26.2707 0.160654 25.6504 0.173916 26.4022 0.16042 25.8305 0.178521 26.7343 0.163392 
26.0526 0.14359 26.275 0.164961 26.1734 0.167648 26.3115 0.163545 25.7211 0.140403 26.1719 0.136085 26.2655 0.164758 
26.5308 0.14322 25.5942 0.163556 26.2518 0.185763 26.1322 0.173865 25.9072 0.153975 26.3925 0.160603 26.3506 0.170265 
25.6254 0.135695 26.3782 0.143457 26.3706 0.146203 26.4139 0.145674 26.318 0.198696 26.8862 0.171532 26.318 0.138457 
25.8553 0.177772 26.3299 0.167367 26.3855 0.157389 26.4269 0.174407 25.5482 0.198097 25.9308 0.174802 25.8172 0.157227 
26.0595 0.156275 26.9097 0.131911 26.2356 0.152192 26.4752 0.164376 26.6299 0.145638 26.0016 0.166141 26.0703 0.156971 
26.0794 0.136448 26.4342 0.16556 26.5206 0.144753 25.9659 0.141086 26.1674 0.167903 25.958 0.169176 26.3649 0.14522 
26.3998 0.144615 26.4877 0.167496 26.7369 0.14951 27.2194 0.169329 26.8641 0.150123 25.9078 0.136415 26.1698 0.154985 
26.7302 0.17544 26.8772 0.167945 26.8066 0.160057 26.7613 0.162004 26.9896 0.197734 25.6482 0.161515 26.9909 0.19097 
26.7839 0.166404 27.4182 0.188929 26.6312 0.177486 27.1118 0.175572 26.4777 0.155976 26.6035 0.174736 27.1272 0.198387 
26.7983 0.256067 26.222 0.24467 26.7635 0.225779 26.9862 0.257349 26.5994 0.233723 26.5482 0.227847 27.5153 0.268087 
