13.1045 0.167695 
13.08 0.15826 
13.405 0.13663 
13.3109 0.351231 
13.7558 0.114149 
13.2708 0.118845 
14.96 0.0959533 
12.4274 0.114361 
14.2841 0.0969723 
14.3334 0.107332 
14.7916 0.113193 
15.1026 0.119426 
15.3239 0.127653 
14.2905 0.1532 
15.316 0.107807 
14.512 0.150963 
15.6961 0.109722 
16.2364 0.138065 
14.4249 0.0987258 
15.5109 0.132067 
15.4882 0.144672 
16.5304 0.134728 
15.8837 0.104211 
15.5264 0.134343 
15.1356 0.0973647 
14.9597 0.136664 
14.9185 0.110468 
15.4604 0.137686 
15.8666 0.109596 
13.6813 0.119424 
14.9019 0.125844 
14.8166 0.152454 
14.9518 0.095554 
14.4681 0.120397 
14.6916 0.0991174 
15.447 0.13469 
14.317 0.128498 
14.5565 0.141764 
14.5264 0.111633 
14.6467 0.124964 
15.2181 0.0996038 
14.3878 0.106878 
13.8601 0.0905298 
13.9577 0.107653 
13.5199 0.0776203 
14.1472 0.108042 
13.8629 0.0908981 
14.2829 0.115811 
13.7031 0.0914746 
13.7048 0.117382 
14.2185 0.13319 
14.5895 0.122594 
