0 5.67173
1 6.35023
2 6.49259
3 6.22352
4 6.09979
5 6.35232
6 6.06227
7 5.6747
8 5.64843
9 5.66047
10 6.37954
11 6.44815
12 5.61474
13 6.45689
14 5.86764
15 6.45391
16 6.59893
17 5.90145
18 6.13245
19 5.62233
20 5.39948
21 5.91989
22 5.60493
23 6.27069
24 6.47028
25 6.14792
26 5.74025
27 5.85871
28 5.66555
29 6.33847
30 6.06721
31 5.64909
32 5.98682
33 5.85591
34 5.51231
35 5.87467
36 6.66294
37 6.34868
38 6.2107
39 5.73945
40 6.51292
41 6.91223
42 6.47368
43 6.48067
44 6.53883
45 6.60005
46 6.55138
47 6.29012
48 6.77473
49 6.44827
50 6.65702
51 6.66058
52 6.68005
53 6.72002
54 5.73688
55 7.13733
56 6.29618
57 6.4352
58 6.52142
59 6.50207
60 5.87853
61 6.44965
62 6.00944
63 6.57531
64 7.12349
65 6.23737
66 6.72573
67 6.59355
68 6.31072
69 6.3094
70 6.8887
71 6.28102
72 6.36982
73 6.81631
74 7.06954
75 7.00068
76 6.44965
77 6.66351
78 6.49083
79 6.76457
80 6.75443
81 6.57856
82 7.6143
83 6.89783
84 7.44637
85 6.73632
86 6.56095
87 6.77762
88 6.98965
89 6.92439
90 6.99316
91 6.6722
92 7.29229
93 6.92571
94 6.17873
95 7.10797
96 6.68345
97 6.81492
98 6.60209
99 7.06218
100 7.2341
101 7.30888
102 6.93313
103 6.95813
104 7.32076
105 6.89352
106 6.77762
107 6.64583
108 6.28828
109 7.55822
110 7.11336
111 7.00594
112 7.21546
113 6.34012
114 6.79386
115 7.10628
116 6.53846
117 6.76455
118 7.10846
119 6.30599
120 6.51062
121 6.37897
122 6.91
123 6.73427
124 6.79223
125 7.3362
126 7.12175
127 7.19154
128 6.98897
129 7.27517
130 6.20884
131 7.3207
132 7.3505
133 6.86356
134 6.9017
135 7.33441
136 6.82914
137 7.15046
138 6.73507
139 6.79541
140 6.67378
141 6.92449
142 6.49173
143 6.93761
144 6.38111
145 6.20262
146 6.46943
147 6.71936
148 6.62154
149 6.88417
150 6.63671
151 6.5426
152 5.83323
153 6.45952
154 6.54374
155 6.31731
156 6.49536
157 6.87079
158 5.99257
159 6.89244
160 6.81007
161 6.61361
162 6.09905
163 5.81704
164 5.57724
165 6.11691
166 6.42454
167 6.21857
168 5.54437
169 5.7514
170 5.48
171 5.69612
172 5.19375
173 5.41011
174 5.19069
175 5.26895
176 5.16876
177 5.21329
178 5.01622
179 5.43013
180 5.0066
181 4.91232
182 5.24915
183 5.69597
184 5.37569
185 5.9713
186 5.79013
187 5.65735
188 5.832
