11.823 0.873386 
13.2852 0.463048 
12.5044 0.229582 
12.1665 0.491396 
13.5261 0.247283 
11.6428 0.333101 
14.0324 0.25773 
11.5624 0.278946 
13.9119 0.249551 
12.4119 0.306383 
13.8009 0.24446 
12.3779 0.328618 
13.662 0.276261 
10.352 0.307212 
13.5516 0.286361 
11.1634 0.355971 
13.2592 0.200703 
11.1518 0.378705 
14.4735 0.230893 
10.9677 0.309339 
15.606 0.344914 
10.2784 0.296667 
14.3272 0.280049 
10.7528 0.25631 
12.639 0.361281 
10.1783 0.333051 
13.2278 0.205403 
10.8073 0.304441 
15.7914 0.263133 
10.8763 0.37222 
12.1124 0.20809 
9.80141 0.330006 
14.1103 0.239295 
11.7505 0.523254 
12.6087 0.223225 
10.951 0.408961 
13.2445 0.198816 
10.2859 0.329222 
13.7244 0.264324 
10.9821 0.425748 
13.5727 0.248527 
12.2489 0.465616 
13.2755 0.222769 
11.2464 0.407014 
14.259 0.253681 
11.31 0.374965 
13.7016 0.258028 
11.9425 0.334784 
13.0778 0.24568 
10.8566 0.336927 
13.8931 0.359055 
12.5917 0.411708 
