12.0784 0.299031 -23.6195 11.6577 4.60542 0.173933 -11.6392 4.70547 -43.8738 19.3676 5.07252 0.148434 -49.4992 24.4004 
21.9524 0.251964 7.88689 0.256344 23.8033 5.34814 6.33982 4.77151 14.5358 0.794099 10.7879 0.411982 -13.0256 74.647 
11.7647 0.15474 18.7357 0.21057 7.53062 0.227325 7.53525 0.216737 7.67909 0.255764 5.08874 0.732544 -88.837 18.4871 
15.8983 0.243827 8.50288 0.101685 18.7001 0.206085 8.76351 0.107367 8.30787 0.116815 4.60091 0.638037 6.56214 0.17888 
7.98875 0.126498 15.3386 0.179437 13.8568 0.144652 18.2671 0.248688 18.1335 0.251361 8.75872 0.173925 5.56003 0.147747 
11.0136 0.167859 13.1758 0.168473 8.99211 0.138876 8.33553 0.165291 9.98933 0.145575 13.7407 0.205271 -196.462 70.3929 
7.99872 0.149247 5.14352 0.743064 7.69076 0.187211 9.73455 0.171855 7.65983 1.21931 7.30009 0.747723 6.73035 0.147106 
12.9614 0.212103 8.62417 0.130361 8.36876 0.614142 10.8309 0.136272 7.01043 0.313478 6.26331 0.750733 -59.6276 13.7491 
10.5576 0.139086 7.76041 0.0970364 12.0388 0.125287 10.4985 0.142609 9.39043 0.158573 12.341 0.200862 8.80422 0.173504 
8.59608 0.0908428 16.5525 0.183122 7.8715 0.0986836 8.88686 0.119396 9.71657 0.19801 10.3587 0.118579 4.87568 0.571309 
8.72477 0.0990577 9.15594 0.0942792 9.21377 0.101122 6.00202 0.390121 8.37968 0.105622 9.1848 0.109786 11.1643 0.180348 
11.0261 0.133953 10.3134 0.125832 9.96496 0.091207 9.01476 0.0939808 9.78092 0.134183 9.99219 0.148422 18.0675 0.245409 
12.6315 0.200722 9.0265 0.106199 8.92483 0.0906693 8.7862 0.0998475 10.42 0.114879 9.09483 0.118905 12.4895 0.190337 
7.55036 0.0806376 12.4268 0.112921 9.19961 0.0984841 11.2881 0.117416 9.27851 0.093315 9.58988 0.0958212 4.66794 0.347695 
10.334 0.119432 10.1092 0.0931039 10.5852 0.115434 10.6407 0.115199 11.0283 0.116465 10.7443 0.104439 11.4755 0.28786 
10.3763 0.0924401 10.4849 0.0997157 10.17 0.120454 10.8067 0.111293 10.6597 0.111991 10.7875 0.0862609 11.4295 0.172345 
11.8886 0.167448 10.5938 0.117679 10.4111 0.120382 10.5959 0.123486 10.6681 0.100522 10.5518 0.127698 8.08946 0.161673 
9.25915 0.0903456 10.6623 0.109934 11.297 0.116193 11.4632 0.113684 10.2643 0.0865633 9.87256 0.0907592 8.88098 0.290698 
9.75046 0.090627 9.92629 0.0966067 10.4418 0.125069 10.7127 0.112096 9.90191 0.111583 10.8121 0.121284 9.22419 0.265675 
12.3706 0.110115 9.33171 0.102792 11.0653 0.0978208 9.79167 0.0844681 10.7135 0.12866 11.2903 0.175213 6.48643 0.0977955 
10.5878 0.150967 9.38039 0.120283 10.7485 0.106661 11.1719 0.123646 10.2331 0.122922 9.82964 0.124747 8.42623 0.42697 
9.56374 0.139172 9.45157 0.0956845 9.65595 0.103854 10.1245 0.108126 10.7505 0.121005 9.54394 0.128225 7.60348 0.147502 
10.6349 0.144915 10.769 0.153823 11.1794 0.107967 8.32291 0.0923172 10.4061 0.119299 9.43595 0.130428 7.96174 0.197562 
8.54592 0.114975 9.48761 0.117633 10.7709 0.120491 10.5664 0.127831 10.6647 0.120305 10.1099 0.138306 9.59238 0.223169 
11.4773 0.262988 10.6416 0.141716 10.6374 0.149741 10.7686 0.137544 8.74398 0.295752 11.0935 0.207091 8.5217 0.19076 
11.082 0.24396 6.06354 0.375055 10.824 0.171691 10.6952 0.138452 10.6021 0.170752 11.3611 0.179458 9.56256 0.259528 
8.31268 0.230859 9.43235 0.155565 9.67547 0.156291 8.84813 0.154759 9.62368 0.173328 9.68973 0.193591 9.29944 0.194063 
