15.922 0.211337 
17.8159 0.168051 
15.849 0.115292 
18.5006 0.198142 
20.305 0.145138 
16.1694 0.12919 
20.3153 0.132766 
15.9573 0.134983 
21.0516 0.142807 
18.0356 0.167941 
20.0801 0.131826 
19.9104 0.161953 
23.9924 0.163204 
15.2926 0.1497 
18.2055 0.122567 
19.9535 0.165148 
22.2912 0.138135 
20.3831 0.155456 
19.2615 0.116654 
20.9786 0.172902 
21.2088 0.231065 
19.9818 0.165344 
20.3049 0.12298 
21.4115 0.150275 
17.8821 0.112764 
21.4079 0.186032 
21.0243 0.132129 
18.6874 0.146365 
18.6579 0.119834 
20.6538 0.173653 
20.9263 0.142682 
18.3356 0.166933 
21.5202 0.138066 
18.0869 0.14695 
20.4737 0.128191 
20.6039 0.148366 
18.509 0.113747 
20.2909 0.159067 
21.7085 0.141135 
18.2337 0.157916 
22.2101 0.137511 
18.0009 0.138848 
18.0977 0.115721 
19.3186 0.147387 
18.5395 0.115088 
19.4645 0.160681 
19.545 0.124258 
18.2521 0.158423 
19.6107 0.119779 
18.715 0.147444 
19.7982 0.187 
22.9769 0.212446 
