15.964 0.146401 9.96637 0.0912948 10.1258 0.0947746 9.96478 0.0895837 13.4255 0.104538 11.974 0.127421 10.2234 0.144899 
11.4324 0.072113 10.9957 0.0831791 12.1727 0.0903946 11.1064 0.0725824 10.484 0.0668726 9.67366 0.072256 12.4063 0.0936239 
11.15 0.0769375 9.89776 0.0702628 9.37023 0.0584924 10.7448 0.0611167 9.30931 0.0554761 9.8915 0.0791558 10.6106 0.0909814 
11.9369 0.0895205 9.45471 0.0617831 11.6102 0.0622499 9.93661 0.0555799 9.87319 0.0666066 11.3432 0.0712711 8.72978 0.0686818 
10.5624 0.0613584 9.77914 0.0621946 9.96636 0.0644447 11.8627 0.0843528 10.435 0.0701169 10.3615 0.0588187 9.07306 0.063481 
12.3996 0.0716842 10.7708 0.0625091 9.77944 0.0583248 10.3735 0.065035 8.74751 0.0701504 10.6839 0.0596924 9.70631 0.0624711 
9.52376 0.053483 11.1024 0.0605847 8.99892 0.0566206 9.93686 0.0780324 9.65518 0.0718615 10.7914 0.0567943 10.069 0.06984 
10.6857 0.063118 10.0464 0.0647622 10.9822 0.0786419 9.63194 0.0612527 9.58027 0.0558575 14.6355 0.0805446 10.3931 0.0936875 
11.4047 0.0544497 9.54835 0.0520051 10.5837 0.0476718 10.7688 0.0565305 10.6391 0.0552703 11.4519 0.061135 12.0924 0.0573716 
10.4516 0.0472396 15.86 0.0787302 11.4204 0.0541262 10.4781 0.0569879 11.1078 0.0548736 8.76581 0.0496524 10.4636 0.0447572 
9.55473 0.0463009 9.73199 0.0465383 8.38979 0.0438975 10.171 0.0592905 10.7736 0.0465687 9.33794 0.0497881 11.3648 0.0517161 
10.6719 0.0549958 9.82932 0.0519361 10.0008 0.0439541 9.46676 0.0430745 10.0598 0.0503534 9.93079 0.0643554 10.4807 0.0546638 
9.83093 0.0509318 9.74643 0.0508875 10.1372 0.0493184 8.32942 0.0393949 9.65226 0.050816 10.5029 0.0523118 10.9353 0.0537561 
8.4011 0.0354007 14.601 0.06867 9.38989 0.047942 12.3195 0.0626671 9.80559 0.0487774 10.1301 0.0538775 9.58942 0.0411782 
11.5899 0.055965 10.6391 0.0471148 10.4904 0.0517763 10.7675 0.0578336 11.1151 0.0581797 10.8421 0.0550181 11.6143 0.0577652 
10.4521 0.0415719 10.3456 0.0465143 10.6636 0.0517683 10.625 0.0497608 10.767 0.0509254 10.3189 0.0414816 10.8917 0.0567441 
10.6826 0.0488704 10.8341 0.04994 10.7835 0.0504774 10.3952 0.0566608 11.1648 0.0491753 10.9077 0.0525863 10.378 0.0500225 
10.9396 0.0501957 10.6962 0.0532554 10.3484 0.0490135 11.4276 0.0524195 10.0885 0.0385959 9.8932 0.0429423 10.3236 0.0504292 
10.7805 0.0472019 10.9275 0.0543531 10.592 0.0515884 10.7597 0.054814 10.7822 0.045293 10.7995 0.0535524 11.4093 0.0566696 
10.6337 0.0495076 9.51042 0.0502473 11.167 0.0457449 10.4046 0.0443596 10.7503 0.0559623 11.1551 0.0577896 10.6959 0.0475168 
10.206 0.0671781 9.94898 0.0543367 10.4545 0.0503776 10.7282 0.0614075 9.93604 0.0582438 11.2183 0.0586281 9.89856 0.0653851 
11.2655 0.0680781 10.8367 0.0502704 9.63365 0.052507 10.6828 0.0577946 10.9234 0.0568769 10.9838 0.0615218 10.8656 0.0670946 
11.0689 0.0625888 10.273 0.0661108 10.5415 0.0532922 11.7315 0.0540622 11.2994 0.0635499 11.1415 0.0659182 9.80738 0.0606645 
10.5661 0.0657115 10.1009 0.0560784 10.1302 0.0515637 10.0215 0.0585355 9.98131 0.0515809 10.6162 0.0570472 10.4834 0.0705899 
10.7414 0.098959 10.5383 0.0670237 9.96371 0.0611874 10.1681 0.0571338 11.3157 0.0815895 10.5109 0.0764507 10.8294 0.094953 
10.146 0.0779933 10.3549 0.0864693 10.1388 0.0680442 10.5731 0.0725778 10.0127 0.0592245 10.2644 0.0794503 11.8524 0.114513 
9.52145 0.0774651 9.63941 0.0720756 8.83784 0.0555942 9.87721 0.0733103 9.9536 0.0768685 9.74186 0.066713 9.33935 0.0779217 
