15.5724 0.222343 
15.096 0.172504 
14.2575 0.0993189 
15.0174 0.293235 
14.3689 0.10787 
14.3866 0.138674 
14.3048 0.0986016 
13.7237 0.118732 
13.6041 0.0930436 
13.9262 0.111844 
14.1177 0.0981891 
14.6063 0.12958 
13.6615 0.103764 
14.783 0.129226 
14.3572 0.105969 
14.4808 0.126177 
14.5908 0.100736 
14.1373 0.116598 
14.5106 0.101659 
14.4305 0.12465 
12.5113 0.130145 
14.2069 0.119765 
13.9111 0.144351 
13.7343 0.111806 
14.2381 0.105111 
14.1294 0.166364 
14.2303 0.102764 
14.1649 0.12133 
14.4305 0.101694 
14.414 0.126537 
14.2719 0.110975 
14.1838 0.127019 
13.8321 0.0964287 
13.5287 0.106176 
14.1318 0.103906 
13.808 0.10785 
13.8962 0.0964338 
14.1098 0.141313 
14.2023 0.110684 
14.0222 0.120753 
14.4342 0.107524 
14.2643 0.12186 
13.8288 0.0985606 
14.2799 0.116895 
14.302 0.0871506 
14.3757 0.111311 
13.9525 0.091208 
14.3345 0.118459 
13.6101 0.0893026 
14.3759 0.108945 
13.7341 0.136502 
14.2353 0.142999 
