16.6805 0.200371 16.5546 0.163155 17.6671 0.212553 16.58 0.153752 16.2244 0.163678 16.6412 0.17789 17.3486 0.262709 
16.6392 0.115948 16.2431 0.101815 17.109 0.120817 15.9731 0.0958364 15.8677 0.0997144 16.7745 0.11946 15.8051 0.111859 
16.3843 0.115356 17.0021 0.113871 16.7927 0.117521 15.9172 0.100838 16.5702 0.105435 16.5631 0.115185 16.1513 0.113696 
16.0091 0.116223 15.2562 0.10081 16.6183 0.0984617 15.572 0.0908202 16.1209 0.103719 16.3268 0.102368 15.1455 0.0986998 
17.783 0.113707 17.3027 0.132765 17.3161 0.13734 17.1314 0.134429 17.4947 0.128213 16.8888 0.0985048 16.9698 0.117646 
16.0721 0.086083 15.7898 0.10455 15.5569 0.102503 15.4926 0.115475 15.5044 0.124593 15.8283 0.0955176 15.9582 0.0998907 
12.4078 0.0868825 11.8592 0.0807048 12.4496 0.0938926 12.0186 0.0898803 12.6698 0.0924605 12.475 0.0907216 12.3331 0.0961664 
12.7483 0.0764323 11.8824 0.079421 11.9318 0.0928455 11.8348 0.0832067 11.5821 0.0725049 11.5841 0.0836011 11.5616 0.0944534 
16.7822 0.11312 15.8527 0.123077 17.3154 0.106877 16.3409 0.123002 16.6165 0.10996 17.2725 0.133903 16.7496 0.0989137 
16.6769 0.108365 16.6639 0.115442 15.8198 0.101372 16.7482 0.117925 15.8835 0.109169 16.1086 0.108954 15.9168 0.10544 
16.3028 0.108016 16.5643 0.109078 16.1915 0.11218 16.8426 0.12658 17.1514 0.112277 17.0333 0.116196 17.3543 0.12367 
16.5127 0.110807 16.6455 0.112575 16.6678 0.0965752 16.2852 0.099435 16.712 0.105163 16.3925 0.123207 15.8135 0.123266 
16.5431 0.113808 16.4276 0.12294 17.1778 0.115098 16.526 0.0980871 17.8834 0.133569 16.8383 0.125957 17.3021 0.123399 
16.8781 0.0948602 18.9251 0.128389 16.23 0.106002 15.6016 0.106088 15.8279 0.104501 16.343 0.110396 15.7681 0.0969879 
16.9094 0.118747 16.3496 0.0919821 17.8325 0.114839 16.5124 0.112808 17.2249 0.12444 17.1846 0.114367 17.2146 0.122798 
16.7073 0.0915285 15.5562 0.0994143 16.3417 0.117796 15.3894 0.0992708 16.2351 0.112047 15.9006 0.0896639 15.9387 0.112764 
16.6413 0.0987093 16.3881 0.11304 15.6119 0.107328 17.1323 0.120421 17.0026 0.11069 17.0456 0.124321 17.3792 0.119103 
15.7931 0.0976825 16.0625 0.101616 15.63 0.111506 15.6625 0.101339 15.4831 0.0851063 15.418 0.0933956 15.7367 0.103119 
16.8075 0.10669 16.1884 0.106964 17.2187 0.12307 16.0847 0.115117 16.7636 0.0976224 16.5844 0.110677 17.4498 0.119617 
16.5659 0.0939821 16.2196 0.0964562 15.7198 0.0830801 16.5392 0.0974887 15.9367 0.10897 16.392 0.115154 15.2637 0.0859338 
16.7298 0.126177 16.8003 0.108301 16.1466 0.0975147 16.0809 0.111905 17.0689 0.112315 16.8768 0.114814 16.9189 0.122052 
16.2289 0.0953755 16.2149 0.0846102 15.7273 0.0942026 15.5254 0.0982193 16.0737 0.100301 15.8782 0.111609 15.232 0.0952618 
16.3553 0.0929527 16.001 0.105924 18.0953 0.107827 15.6344 0.0914544 16.0004 0.102042 17.0862 0.122332 16.6678 0.105843 
16.2462 0.0966496 14.9011 0.0952882 15.9782 0.0928989 15.8204 0.107109 16.1981 0.0943255 15.6318 0.0862715 14.9748 0.0985598 
16.5812 0.114607 16.7227 0.11176 16.9263 0.114743 16.7195 0.104967 16.9201 0.136494 17.0222 0.110375 16.8485 0.113172 
16.4629 0.107065 16.4154 0.128323 15.9331 0.116523 16.2065 0.12051 15.7669 0.100277 15.8996 0.121376 14.8247 0.118406 
16.5823 0.174388 15.9619 0.166426 15.8892 0.148369 15.5035 0.145382 15.4102 0.150759 14.0647 0.122476 14.0088 0.189964 
