15.9369 0.212744 8.23868 0.173411 9.88792 0.176454 8.7197 0.124187 12.3249 0.195885 13.4188 0.204947 16.8282 0.270494 
11.2431 0.118172 10.2252 0.142316 11.6011 0.144447 10.5822 0.113915 9.84106 0.0951889 8.04255 0.0904298 11.4821 0.131001 
10.0251 0.121033 8.93583 0.101262 8.76628 0.103334 11.1728 0.108834 8.21392 0.0862577 9.02358 0.107798 8.87301 0.097294 
12.9755 0.159857 8.43098 0.0862848 11.8635 0.104723 9.09218 0.0729541 8.48501 0.0767985 11.4891 0.104612 8.60061 0.0912149 
10.5681 0.103732 9.11184 0.0987555 11.6253 0.132055 11.0711 0.146753 9.84772 0.109968 9.9788 0.0858987 8.53015 0.0970373 
11.7832 0.112665 10.2644 0.0916928 9.78749 0.0866085 9.96074 0.110629 6.32992 0.328116 10.8659 0.0851989 9.39474 0.0868012 
8.90317 0.0757619 11.3227 0.102407 8.45396 0.0964794 9.00902 0.251545 9.54129 0.111846 10.0207 0.0810554 9.29254 0.112001 
10.4438 0.10481 9.37772 0.0934411 11.2761 0.113779 8.89622 0.145053 9.69389 0.0894394 15.2679 0.134983 10.5929 0.135893 
11.405 0.0861754 8.87959 0.0743037 10.2731 0.0729518 10.0168 0.091454 9.39155 0.0760905 11.2297 0.0877167 11.5774 0.0847555 
10.3764 0.0766305 15.9221 0.122001 11.4883 0.088396 10.3539 0.087126 10.981 0.0903176 8.58452 0.0747622 10.0303 0.0765696 
9.53215 0.0733973 9.39513 0.0699671 7.87522 0.0643978 10.3635 0.0869855 11.0383 0.0739954 9.4334 0.0768431 11.2772 0.0968472 
10.6128 0.0898308 9.98138 0.0787378 9.98417 0.0694206 9.49547 0.0653458 10.0844 0.0857861 9.95594 0.104349 10.1949 0.0948917 
10.0472 0.0833432 9.82274 0.0822293 10.1228 0.0804854 8.41294 0.0566121 9.34551 0.0759219 10.6255 0.0808409 11.7527 0.0907664 
8.26295 0.0565665 12.2753 0.0902961 9.14263 0.0710006 12.0314 0.0868867 9.5716 0.0760041 9.87393 0.0728642 8.24935 0.0667894 
11.4674 0.0889749 10.4387 0.0695485 10.1626 0.0712274 10.4596 0.0858096 11.0297 0.0902023 10.7353 0.07465 11.726 0.0930408 
10.5962 0.0679063 10.3036 0.0729757 10.9128 0.0801446 10.4442 0.075343 10.6854 0.0824176 10.1363 0.0645167 10.7361 0.0902133 
11.1199 0.0789927 10.9016 0.0773002 10.8175 0.0788788 10.2033 0.0863157 11.1318 0.0839742 10.5989 0.0871259 9.74085 0.0748946 
11.4696 0.0788076 10.7031 0.0751333 10.5964 0.0718469 11.1657 0.0801306 9.95849 0.0610103 10.0956 0.0642724 10.5391 0.0887513 
10.7722 0.0722546 10.8015 0.0759691 10.7855 0.0857014 10.649 0.0832061 10.3782 0.0645623 10.6854 0.0744268 10.6147 0.0916228 
10.6459 0.0741489 9.60609 0.0738092 11.0415 0.074898 10.3316 0.0712423 10.702 0.0876156 10.6468 0.0892753 10.3731 0.0805077 
10.7888 0.138171 8.90538 0.09654 9.88459 0.0806903 10.1357 0.0916938 9.26798 0.078039 10.9513 0.0884171 9.56329 0.125966 
10.9805 0.106661 10.1189 0.0820047 9.10541 0.0801797 9.91272 0.0848532 10.7378 0.0783237 10.6006 0.0958347 10.1426 0.0907704 
10.353 0.0932917 9.46851 0.096573 9.86694 0.0917616 11.8976 0.0900314 11.7198 0.102988 10.9396 0.0991283 9.0107 0.0896474 
9.55008 0.0989663 9.02713 0.0886562 9.17642 0.0748278 9.05922 0.0838185 9.21258 0.0783794 9.95385 0.0826618 9.10284 0.12157 
9.32786 0.137668 9.60597 0.105424 9.57379 0.0985993 9.43157 0.0803747 11.1693 0.121986 9.59109 0.107339 11.1711 0.169398 
8.82581 0.116106 10.033 0.140106 9.25873 0.106759 9.49735 0.0992291 9.19224 0.0783493 9.32333 0.102466 11.1284 0.170986 
7.09081 0.103436 7.66179 0.0941245 6.89291 0.0776233 7.48567 0.0842471 8.26108 0.0871573 7.58632 0.0996016 10.8446 0.16364 
