-46.701 -43.658 -38.0151 -37.0169 -36.2959 -36.274 -39.4704 
-48.0457 -47.8564 -47.6568 -47.0434 -44.7342 -44.6699 -43.301 
-41.2554 -50.2029 -38.5831 -39.1909 -40.0191 -40.0145 -45.1255 
-48.1742 -40.1684 -52.9354 -40.9856 -57.2008 -49.93 -44.6556 
-40.4904 -42.6594 -48.0601 -44.8073 -43.3952 -41.2029 -41.7621 
-42.1065 -41.1473 -42.5258 -40.7141 -38.5958 -42.9318 -42.4035 
-41.4816 -40.6321 -39.9626 -42.5949 -39.5931 -41.3558 -42.4403 
-46.3047 -39.6659 -40.8776 -47.648 -39.9255 -39.4412 -44.3788 
-46.5905 -39.7782 -43.4058 -40.8788 -38.2315 -45.3603 -44.5815 
-40.9125 -44.3895 -41.8777 -43.7588 -44.0193 -44.2339 -46.0986 
-42.8623 -44.4332 -40.8958 -43.8663 -42.3822 -43.5068 -49.1886 
-44.8947 -43.2556 -45.9192 -43.6878 -42.7765 -42.0187 -46.9727 
-47.6585 -40.1862 -43.14 -44.1392 -45.44 -43.0091 -49.043 
-42.8806 -41.5023 -40.7337 -43.7377 -42.806 -38.0014 -45.0313 
-42.9457 -46.0256 -46.0203 -43.9183 -42.8572 -42.6875 -46.729 
-44.3006 -40.752 -44.8029 -40.6776 -44.785 -43.4143 -53.9704 
-51.7076 -43.6347 -39.6456 -43.7377 -45.818 -41.7925 -51.9014 
-41.363 -45.9013 -44.6403 -49.1632 -41.9479 -43.4285 -43.7996 
-48.9714 -43.1777 -47.6407 -42.9746 -44.0176 -39.7386 -49.0728 
-46.0636 -45.9463 -44.0097 -46.8546 -45.0531 -46.8026 -46.4601 
-44.2729 -47.1389 -39.2309 -44.3293 -38.3043 -43.3459 -44.6084 
-48.3588 -43.4669 -42.8677 -44.9926 -42.1462 -40.0693 -48.9248 
-43.2991 -43.7154 -41.1604 -39.7152 -41.6736 -44.4351 -42.8106 
-44.0427 -40.1943 -53.2346 -53.0645 -54.4125 -42.6207 -45.747 
-47.8251 -49.8376 -49.8919 -49.7564 -43.6874 -47.8104 -39.1447 
-46.3008 -41.1141 -47.43 -46.8463 -48.4749 -45.3533 -45.777 
-42.83 -44.9435 -48.0384 -47.5 -40.5737 -40 -40 
