-44.7463 -41.9622 -42.0066 -36.9115 -37.8404 -37.0747 -40.103 
-40.9298 -42.2131 -43.7492 -42.0535 -39.9037 -41.48 -40.3053 
-41.943 -46.1969 -39.3055 -39.6129 -40.744 -40.1601 -43.255 
-45.1711 -40.9139 -47.4463 -41.2908 -56.0066 -53.9188 -43.6652 
-40.2933 -42.5441 -47.0749 -43.6377 -43.5857 -42.1699 -40.4766 
-41.6897 -40.9638 -43.3239 -41.7073 -38.8399 -42.284 -40.7787 
-40.2896 -40.0324 -40.5292 -42.8995 -39.4857 -41.6987 -40.8693 
-45.8538 -40.4771 -42.3298 -48.2809 -40.8943 -41.7206 -42.436 
-45.3874 -41.2318 -44.0932 -41.4844 -39.0852 -46.7415 -42.1058 
-41.7979 -45.1235 -42.8916 -44.7982 -44.9548 -45.0294 -43.9808 
-44.2693 -45.6933 -41.7307 -45.4521 -43.3394 -44.5564 -48.5506 
-45.5019 -44.4808 -46.9132 -44.754 -43.8345 -43.0247 -45.6679 
-43.2854 -41.214 -44.5511 -45.0259 -46.5168 -44.4542 -47.5664 
-43.7569 -42.5721 -41.782 -44.7707 -43.8942 -39.0126 -43.8497 
-43.6665 -46.7675 -46.9911 -44.9159 -43.5224 -43.5358 -46.4258 
-44.7989 -41.4075 -46.2148 -41.4838 -45.9629 -44.3366 -51.0407 
-46.9277 -44.6637 -40.5537 -44.537 -47.1356 -42.635 -49.3207 
-42.4529 -47.33 -45.47 -50.976 -42.682 -44.404 -43.7754 
-49.1155 -44.3256 -48.9003 -43.9288 -45.4576 -40.6938 -48.1189 
-45.783 -46.479 -44.6503 -47.6288 -45.9917 -47.9987 -46.3245 
-44.7333 -47.9926 -39.9227 -45.5176 -38.9974 -43.7457 -44.5427 
-44.1425 -44.4976 -44.0552 -46.0298 -43.286 -41.3615 -48.1898 
-43.9419 -43.9427 -41.9029 -40.8437 -43.8812 -44.651 -42.0998 
-44.0157 -41.4413 0 0 0 0 0 
0 0 0 0 0 0 0 
0 0 0 0 0 0 0 
0 0 0 0 0 0 0
