-43.3428 -40.0787 -34.825 -40 -33.2418 -32.8977 -36.0808 
-44.7232 -44.6879 -44.3353 -43.9246 -41.4575 -41.7304 -40 
-37.9711 -46.9 -35.2793 -35.8472 -36.6593 -36.7705 -41.9755 
-44.7802 -36.8323 -49.5358 -37.6397 -53.398 -46.762 -41.7106 
-37.2099 -39.388 -44.6025 -41.622 -39.9889 -37.8908 -37.9314 
-38.8778 -37.9568 -39.2369 -37.472 -35.3777 -39.6932 -38.9772 
-38.2336 -37.5099 -36.6158 -39.4058 -36.3553 -38.0632 -39.0621 
-43.1133 -36.4255 -37.6188 -44.3644 -36.6717 -36.2574 -41.1518 
-43.3715 -36.509 -40.153 -37.5357 -34.8747 -42.0584 -41.2516 
-37.576 -41.1847 -38.6195 -40.4211 -40.7333 -40.7942 -42.7416 
-39.5193 -41.1223 -37.4729 -40.5386 -39.1419 -40.15 -45.7298 
-41.5541 -39.8847 -42.6 -40.3103 -39.5428 -38.7114 -43.5063 
-44.3186 -36.8087 -39.7908 -40.7607 -42.1114 -39.7418 -45.7112 
-39.5727 -38.2175 -37.4392 -40.4086 -39.5765 -34.6982 -41.7824 
-39.6456 -42.7037 -42.7297 -40.6082 -39.5218 -39.3348 -43.315 
-40.9511 -37.322 -41.3963 -37.2542 -41.4307 -40.1881 -50.5189 
-48.1379 -40.3065 -36.4062 -40.3362 -42.5172 -38.4963 -48.5189 
-38.0062 -42.405 -41.1997 -45.8448 -38.6068 -40.0994 -40.4454 
-45.6386 -39.878 -44.2877 -39.6024 -40.7708 -36.4015 -45.7333 
-42.678 -42.5085 -40.7328 -43.4135 -41.7981 -43.4083 -42.9189 
-41.0595 -43.8252 -35.8176 -40.9842 -35.0229 -40.0199 -41.4983 
-45.0132 -40.1026 -39.6222 -41.6924 -38.836 -36.8203 -45.6181 
-39.8452 -40.3537 -37.8884 -36.469 -38.4495 -41.1782 -39.1083 
-40.5355 -36.8158 -49.9333 -49.5826 -51.5213 -39.6156 -42.3999 
-44.409 -47.1154 -46.2323 -46.3505 -40.1703 -44.2596 -36.2927 
-42.4585 -38.1706 -43.9826 -43.7041 -36.5218 -43.142 -46.1727 
-42.6407 -40.7684 -44.1306 -39.9553 -40 -40 -40 
