-45.5389 -42.7247 -37.3964 -36.3093 -35.628 -35.7916 -39.1545 
-46.3618 -46.2582 -45.9923 -45.4299 -43.5002 -43.4209 -37.1982 
-39.6416 -48.5862 -37.1343 -37.909 -38.4662 -38.5128 -43.2474 
-46.6167 -39.0215 -51.4179 -39.9954 -56.31 -48.7419 -42.9866 
-38.6645 -40.9477 -46.3622 -43.1966 -41.8266 -39.6944 -40.1755 
-40.2558 -39.4697 -40.9618 -39.1172 -37.4651 -41.2377 -40.9187 
-39.5932 -38.9969 -38.286 -40.9107 -38.1591 -39.8767 -40.8673 
-44.4627 -37.8778 -38.997 -46.1066 -38.3766 -38.1063 -43.0675 
-44.6659 -37.8476 -41.4916 -39.0798 -36.4723 -43.5505 -42.803 
-39.1004 -42.6512 -40.1347 -42.0755 -42.4802 -42.4194 -44.2782 
-41.0807 -42.7358 -39.3175 -42.2865 -40.9628 -41.8871 -47.6576 
-43.3982 -41.609 -44.3646 -42.1082 -41.1818 -40.4403 -45.2102 
-45.9562 -38.6068 -41.4243 -42.3389 -43.784 -41.4052 -47.1907 
-41.2558 -39.8127 -38.9915 -42.1101 -41.1103 -36.4434 -43.4869 
-41.2753 -44.235 -44.227 -42.2409 -41.1218 -40.9454 -44.9943 
-42.7208 -39.0019 -43.0503 -39.2134 -43.2575 -41.9226 -52.2488 
-49.7872 -41.9028 -38.1678 -42.2005 -44.1688 -40.2638 -50.0666 
-39.8332 -44.1279 -42.7592 -47.3635 -40.3583 -41.9654 -42.3224 
-47.2106 -41.4214 -45.7126 -41.2054 -42.4011 -38.0303 -47.2484 
-44.6774 -44.3356 -42.7984 -45.4187 -43.4302 -45.0495 -44.7746 
-42.7668 -45.4711 -37.6656 -42.6292 -36.8228 -41.6236 -43.2985 
-46.962 -41.7357 -41.3073 -43.2852 -40.3909 -38.3261 -47.305 
-41.7262 -41.9005 -39.4746 -38.0333 -39.6319 -42.643 -40.8152 
-42.2522 -38.7207 -51.4354 -50.8461 -41.4679 -41.581 -44.0342 
-46.6528 -48.5821 -48.1368 -48.2676 -42.0185 -46.3324 -37.9378 
-44.3003 -39.684 -45.6216 -45.2749 -45.674 -44.3301 -42.1142 
-43.2697 -43.6681 -45.9331 -42.4862 -48.5669 -40 -40 
