-40 -40 -40 -40 -40 -40 -40 
-40 -31.2023 -32.6286 -60.1237 -33.5928 -40 -40 
-31.0074 -34.9261 -27.9712 -27.1883 -29.9674 -40 -40 
-33.8669 -29.51 -36.7056 -29.9795 -40 -40 -40 
-29.1749 -31.7417 -35.668 -32.5611 -4.60835 -31.4836 -27.4077 
-30.5681 -29.6749 -32.1079 -30.2407 -28.2405 -5.58951 -40 
-29.4998 -28.8877 -29.3113 -31.2441 -28.7203 -29.6789 -40 
-34.5147 -29.2594 -30.8814 -36.9475 -29.631 -31.5859 -31.4697 
-33.9463 -29.921 -32.446 -30.1687 -27.638 -35.2983 -29.9847 
-30.6682 -33.7993 -31.0805 -33.7692 -33.6371 -33.7101 -32.4763 
-32.9373 -34.2318 -30.2683 -33.9857 -32.2938 -33.3597 -35.4131 
-34.3375 -33.0321 -35.3029 -33.3358 -32.6372 -32.068 -32.5684 
-32.2114 -29.7669 -33.0953 -33.9682 -34.8463 -32.9468 -36.2243 
-32.6623 -31.2755 -30.6062 -33.0381 -32.571 -27.3945 -32.6751 
-32.7215 -35.048 -35.7443 -33.6597 -32.5849 -32.1057 -33.4944 
-33.08 -29.917 -35.1184 -29.9007 -34.5033 -33.0078 -39.5516 
-35.764 -33.423 -29.5215 -32.9682 -35.6167 -30.8444 -37.1177 
-31.1776 -35.5839 -34.1289 -38.8677 -31.4488 -32.5708 -31.9411 
-37.7176 -33.0636 -37.3565 -32.6937 -33.9561 -29.4943 -36.8655 
-34.4077 -35.3844 -33.4829 -36.6159 -34.4931 -36.5918 -34.3525 
-33.3477 -36.6666 -28.6884 -34.0954 -27.6011 -32.5696 -32.9694 
-32.9999 -33.0143 -32.7317 -34.7824 -31.348 -30.2279 -34.6449 
-32.7019 -32.9834 -30.5519 -30.253 -31.5999 -33.9471 -32.9068 
-32.9009 -29.9139 -40 -40 -40 -31.3308 -40 
-40 -40 -40 -40 -40 -40 -40 
-40 -40 -40 -40 -40 -40 -40 
-40 -40 -40 -40 -40 -40 -40 
