-40 -39.2932 -38.4644 -40 -35.6998 -36.2045 -40 
-39.8045 -40.8251 -42.0934 -40.3676 -38.5036 -39.0974 -40 
-40.5973 -44.3189 -37.789 -38.0524 -38.9178 -38.8329 -42.2335 
-43.5061 -39.1473 -45.6213 -39.7318 -53.3324 -52.2529 -42.096 
-38.8112 -41.1245 -45.095 -41.9198 -42.0674 -40.7092 -38.7609 
-40.2125 -39.3746 -41.6996 -39.9401 -37.1666 -40.5953 -38.5266 
-39.0256 -38.7228 -39.0617 -41.2632 -38.0955 -40.0248 -39.7907 
-43.9734 -39.0503 -40.6158 -46.4152 -39.384 -39.8614 -39.9888 
-43.5117 -39.5702 -42.1669 -40.0483 -37.1335 -44.9852 -39.4631 
-40.0618 -43.4538 -40.8351 -43.0422 -43.1586 -43.3144 -41.8205 
-42.4649 -43.9355 -39.866 -43.5258 -41.7725 -42.942 -44.7563 
-43.9349 -42.5343 -45.0346 -43.0912 -42.1273 -41.5498 -41.8111 
-41.7395 -39.5248 -42.6973 -43.5028 -44.5243 -42.5585 -45.457 
-42.2534 -40.8514 -40.2257 -42.7229 -42.0567 -37.3017 -42.0687 
-42.2859 -44.7426 -45.4543 -43.2589 -42.0447 -41.9654 -42.6001 
-42.7514 -39.587 -44.517 -39.7687 -44.1611 -42.6189 -48.2598 
-45.3615 -42.9608 -39.1376 -42.8144 -45.3089 -40.9157 -46.8191 
-40.8041 -45.1127 -43.4953 -48.3368 -40.9555 -42.4287 -41.0877 
-47.2447 -42.6557 -47.1223 -42.2723 -43.6607 -39.1503 -46.2571 
-44.0338 -44.9261 -43.311 -46.2476 -44.2353 -46.4151 -44.3547 
-43.3325 -46.3357 -38.288 -43.6461 -37.3034 -42.0947 -41.7634 
-42.6635 -42.7192 -42.4195 -44.3524 -41.2926 -39.983 -45.7723 
-42.5136 -42.6278 -40.3394 -39.8988 -41.1447 -43.6456 -40.2485 
-42.535 -39.1209 -49.4349 -49.3423 -46.842 -42.0555 -44.0748 
-46.2162 -47.4399 -46.8511 -46.975 -45.5564 -45.6426 -41.7057 
-44.7308 -44.2372 -44.016 -43.9821 -45.3965 -43.1145 -44.2729 
-40 -43.016 -43.7715 -43.1831 -40 -40 -40 
