-40 -39.2932 -38.3524 -40 -35.6998 -36.2045 -40 
-39.8045 -40.8251 -42.0937 -40.3676 -38.5036 -39.0974 -40 
-40.5973 -44.2598 -37.7109 -37.975 -38.8172 -38.8329 -42.1925 
-43.5061 -39.0373 -45.5334 -39.7318 -53.3324 -52.2529 -41.9883 
-38.8112 -41.0598 -45.095 -41.922 -42.0655 -40.6257 -38.6925 
-40.2125 -39.3744 -41.623 -39.9396 -37.1636 -40.5953 -38.5266 
-39.0012 -38.6673 -39.0617 -41.2626 -38.0951 -40.0248 -39.7907 
-43.8377 -38.9563 -40.6155 -46.4152 -39.2501 -39.8614 -39.8794 
-43.4727 -39.4732 -42.1669 -40.0481 -37.1326 -44.918 -39.4625 
-40.0277 -43.4537 -40.835 -43.0422 -43.1585 -43.3144 -41.8187 
-42.4647 -43.9355 -39.8544 -43.5258 -41.7721 -42.942 -44.7563 
-43.9347 -42.5342 -45.0345 -43.0909 -42.1272 -41.5491 -41.7964 
-41.7394 -39.5247 -42.6972 -43.5027 -44.5242 -42.5585 -45.4578 
-42.1951 -40.8513 -40.2256 -42.7229 -42.0566 -37.2667 -42.0681 
-42.2858 -44.7425 -45.455 -43.2522 -42.0447 -41.9652 -42.6 
-42.7511 -39.5863 -44.4979 -39.7673 -44.157 -42.6186 -48.2598 
-45.3615 -42.9607 -39.1371 -42.8039 -45.2991 -40.9158 -46.8209 
-40.804 -45.1127 -43.4957 -48.244 -40.9553 -42.4291 -41.086 
-47.2447 -42.6556 -47.1223 -42.2735 -43.6593 -39.1494 -46.2574 
-44.0335 -44.9101 -43.3109 -46.2477 -44.2352 -46.3887 -44.3538 
-43.323 -46.2696 -38.2879 -43.646 -37.3027 -42.0947 -41.7626 
-42.6635 -42.7189 -42.4193 -44.357 -41.2926 -39.983 -45.7723 
-42.428 -42.6276 -40.2618 -39.8086 -41.1445 -43.6456 -40.2485 
-42.5348 -39.063 -49.4326 -49.3423 -46.7506 -42.0493 -44.0748 
-46.2162 -47.4399 -46.8511 -46.975 -45.5564 -45.6474 -41.7057 
-44.7308 -44.2309 -44.016 -43.9821 -45.3965 -43.1145 -44.2729 
-14.0253 -43.016 -43.7715 -43.1831 -40 -40 -40 
