-41.2373 -38.7314 -38.2548 -33.5071 -34.0177 -32.8172 -40 
-37.757 -38.1043 -38.6547 -37.1767 -35.4384 -36.9154 -40 
-37.3877 -41.6689 -35.209 -35.1669 -36.3289 -36.3435 -38.973 
-40.3791 -36.517 -43.139 -36.8981 -51.8988 -49.6668 -39.4295 
-36.0747 -38.1474 -42.6241 -39.2271 -39.2392 -37.7219 -36.2282 
-36.9104 -36.5366 -38.7375 -36.891 -34.3995 -37.6729 -35.7893 
-36.161 -35.7645 -36.5651 -38.1371 -35.189 -37.0551 -36.6127 
-40.7828 -36.1396 -37.061 -43.7038 -36.5383 -36.534 -37.2831 
-40.4187 -36.2935 -39.481 -37.1367 -33.9555 -41.5977 -37.0218 
-37.2379 -39.4964 -38.5313 -40.369 -40.247 -40.8757 -39.453 
-39.3651 -40.8676 -37.2613 -40.639 -39.1365 -40.0551 -43.4379 
-40.9065 -39.5552 -42.253 -40.2409 -38.9437 -38.6478 -39.7034 
-39.7627 -36.4581 -39.5399 -40.6206 -41.7911 -39.6243 -42.469 
-39.8558 -37.7939 -37.0266 -39.538 -38.9795 -34.5149 -39.5293 
-39.3844 -42.0727 -42.3178 -40.3907 -39.0352 -38.8021 -40.2142 
-40.4336 -36.8421 -41.4819 -36.8279 -41.3536 -39.7504 -45.4758 
-43.5905 -39.5023 -35.8099 -39.95 -41.7039 -37.9571 -44.2295 
-38.0906 -42.2878 -40.3408 -45.6904 -38.3795 -39.999 -38.3828 
-44.6434 -39.7228 -44.4121 -39.4033 -40.7838 -36.1077 -43.0888 
-41.3405 -42.2366 -40.3642 -43.3465 -41.3577 -43.1988 -41.7412 
-40.0705 -43.6694 -35.1872 -40.8497 -34.2151 -38.9144 -39.2668 
-39.6346 -39.6795 -39.5018 -41.3298 -38.2775 -36.7055 -42.215 
-39.6583 -39.7517 -37.4323 -36.8392 -37.6189 -40.7753 -37.7891 
-39.9313 -36.6113 -48.4532 -48.0351 -49.6324 -39.8567 -41.3967 
-43.2936 -44.498 -43.5599 -44.0418 -42.794 -42.3632 -42.0431 
-42.6076 -40.4027 -41.6738 -41.892 -42.54 -39.9402 -42.7403 
-40 -40 -35.7791 -18.723 -40 -40 -40 
