-40 -40.2213 -40 -40 -40 -40 -40 
-43.5259 -43.5728 -42.1493 -42.4842 -39.9636 -37.9256 -40 
-39.1159 -46.1675 -36.7277 -38.1852 -38.0481 -38.7795 -40 
-45.3058 -37.1948 -48.2137 -38.6256 -53.5038 -40 -40 
-38.5792 -40.618 -45.708 -43.7476 -43.7523 -40.8983 -40 
-38.9732 -41.4663 -41.7445 -39.2983 -35.2919 -41.4506 -39.4487 
-39.6265 -41.1927 -40.0895 -41.8487 -39.7119 -40.2504 -40 
-43.3497 -36.6222 -38.4453 -45.0448 -38.0461 -37.8489 -40.9098 
-43.1055 -37.4639 -42.697 -38.974 -35.1931 -45.4487 -41.4158 
-37.1324 -39.8242 -38.8197 -41.1639 -42.5462 -40.9879 -43.6932 
-39.8013 -41.1967 -37.8099 -42.7688 -41.6584 -40.3019 -46.7918 
-41.2694 -39.5511 -42.3785 -40.4167 -38.9214 -39.6046 -41.3855 
-42.7676 -37.0576 -39.9085 -40.6467 -41.6501 -41.8007 -45.1412 
-39.9027 -37.8271 -36.9687 -39.6975 -38.9727 -34.5911 -43.0586 
-39.4253 -42.0825 -42.4657 -40.5721 -39.0539 -38.869 -41.9877 
-40.7843 -36.9292 -41.5291 -36.8153 -41.4316 -39.8424 -48.0433 
-46.739 -39.4645 -35.8855 -39.9724 -41.7355 -38.0348 -47.7106 
-37.9143 -42.3215 -40.407 -45.6133 -38.4127 -40.1097 -40.9126 
-45.257 -39.7996 -44.5138 -39.4472 -40.8564 -36.098 -45.8622 
-41.4295 -42.2843 -40.4454 -43.3901 -41.344 -43.354 -44.4386 
-40.1412 -43.6609 -35.2561 -40.8834 -34.3053 -39.2544 -41.5184 
-40.3655 -39.622 -39.6713 -41.4186 -38.3205 -36.7894 -40 
-39.8275 -39.7683 -37.6666 -36.9178 -37.5095 -40.9064 -39.5676 
-39.8846 -36.6864 -49.4313 -48.6737 -39.9255 -39.9034 -41.5817 
-43.4921 -44.5561 -43.2537 -42.6392 -42.0736 -43.5502 -40 
-40 -40 -40 -40 -40 -40 -40 
-40 -40 -40 -40 -40 -40 -40 
