-41.1545 -38.7524 -37.9258 -33.2715 -34.2036 -32.5834 -40 
-37.5577 -38.177 -38.4916 -37.1374 -35.3143 -37.2511 -40 
-37.3325 -41.5975 -35.1077 -35.1311 -36.3694 -36.314 -39.0817 
-40.3822 -36.4671 -42.8519 -36.8139 -51.8761 -49.6763 -39.3668 
-35.9113 -37.8932 -42.4185 -39.058 -39.106 -37.6365 -36.2626 
-36.821 -36.5106 -38.7362 -36.8279 -34.3486 -37.614 -35.8932 
-36.1141 -35.815 -36.5783 -38.1393 -35.0707 -37.0808 -36.5651 
-40.6933 -36.1199 -36.9881 -43.6411 -36.4936 -36.5469 -37.226 
-40.3723 -36.2774 -39.4459 -37.0211 -33.9787 -41.5863 -37.1372 
-37.2741 -39.4779 -38.5168 -40.3497 -40.255 -40.9495 -39.5907 
-39.3811 -40.8455 -37.1968 -40.5929 -39.0675 -40.0856 -43.1265 
-40.935 -39.5497 -42.2462 -40.2426 -38.9784 -38.552 -39.449 
-39.412 -36.4113 -39.5209 -40.6233 -41.8482 -39.5595 -42.3021 
-39.8201 -37.7677 -37.0237 -39.5238 -39.0687 -34.5492 -39.5322 
-39.4441 -42.0712 -42.3155 -40.3859 -39.0317 -38.8027 -39.8967 
-40.3882 -36.8443 -41.464 -36.8258 -41.35 -39.7534 -45.243 
-43.3467 -39.501 -35.795 -39.9492 -41.6908 -37.957 -44.1248 
-38.0885 -42.2752 -40.3213 -45.6607 -38.3613 -39.9608 -38.3133 
-44.5892 -39.7073 -44.3956 -39.3939 -40.7822 -36.0958 -42.9881 
-41.3414 -42.2347 -40.3562 -43.3275 -41.3375 -43.1875 -41.7776 
-40.085 -43.6936 -35.1935 -40.8538 -34.2332 -38.9016 -39.1996 
-39.527 -39.6789 -39.5439 -41.3294 -38.2602 -36.7194 -42.1866 
-39.6481 -39.7846 -37.4792 -36.9256 -37.5546 -40.7045 -37.758 
-39.9276 -36.5954 -48.4423 -48.2897 -49.84 -39.8087 -41.6357 
-43.1159 -44.4361 -43.6145 -43.9411 -43.0263 -42.2304 -42.5394 
-20.6083 -40.5428 -41.2707 -41.6729 -41.1411 -40.2258 -40 
-40 -40 -40 -40 -40 -40 -40 
