-45.3107 -41.5512 -40.2729 -34.6604 -37.5442 -36.0526 -40 
-38.0026 -38.2612 -39.1441 -37.5849 -35.8503 -37.3169 -40 
-37.7154 -41.9963 -35.344 -35.2629 -36.5797 -36.3667 -39.0331 
-40.6006 -36.8524 -43.1561 -37.2254 -52.957 -49.0294 -39.6279 
-36.2982 -38.5914 -43.0152 -39.4984 -39.5047 -38.0206 -36.3211 
-37.4083 -36.8368 -39.2256 -37.0817 -35.0275 -37.8333 -37.3184 
-36.1959 -35.8217 -36.4675 -38.4667 -35.0723 -37.4798 -36.7587 
-41.2322 -36.3403 -37.5599 -44.361 -36.6233 -36.638 -38.8342 
-40.8735 -36.6704 -39.8746 -37.4615 -34.7073 -42.0335 -38.5941 
-37.7999 -41.3104 -39.0713 -40.9469 -40.9029 -42.1031 -39.9201 
-39.674 -41.4234 -37.6262 -40.9707 -39.2999 -40.3555 -45.9924 
-41.4118 -40.0464 -42.8185 -40.5967 -39.4175 -38.9462 -41.9059 
-39.9283 -37.0525 -39.9721 -41.1316 -42.4125 -39.972 -44.3024 
-40.0063 -38.0745 -37.5094 -40.3571 -39.5227 -34.5252 -39.5485 
-39.7947 -42.6346 -42.7156 -40.6711 -39.5805 -39.4201 -41.9308 
-41.0721 -37.4723 -41.7033 -37.4741 -41.7467 -40.3284 -46.7335 
-45.137 -40.0978 -36.4532 -40.5648 -42.5377 -38.4962 -45.7262 
-38.1108 -42.813 -41.1729 -46.2347 -38.7551 -40.3533 -40.1108 
-44.9696 -40.1503 -44.7062 -39.8241 -41.2601 -36.4834 -44.2675 
-42.2824 -42.6979 -40.9484 -43.7464 -41.8105 -43.7255 -42.2818 
-40.4853 -43.9211 -35.7529 -41.2654 -34.8692 -39.3336 -41.1331 
-39.882 -40.0742 -39.8796 -41.9952 -38.8197 -36.9733 -44.332 
-40.0572 -40.3346 -37.8883 -36.9565 -38.1932 -40.977 -39.3205 
-39.8028 -36.8166 -49.1561 -48.4713 -50.9952 -39.9108 -42.3269 
-43.4319 -46.4215 -50.6825 -45.8923 -41.3338 -43.5915 -37.5127 
-42.6478 -39.899 -43.0166 -42.3621 -43.7674 -5.75083 -40 
-40 -34.75 -22.343 -41.1331 -40 -40 -40 
