-43.6815 -41.8183 -41.616 -36.484 -37.6307 -37.2333 -42.4502 
-41.0593 -42.4145 -43.9204 -42.1415 -40.0111 -41.462 -40.5007 
-42.1712 -46.1982 -39.2634 -39.804 -40.6994 -40.3644 -43.3826 
-45.3273 -40.8259 -47.4886 -41.2869 -55.2536 -54.0248 -43.8141 
-40.4645 -42.544 -47.2785 -43.7385 -43.3907 -42.1359 -40.3579 
-41.8444 -40.993 -43.3883 -41.7191 -38.8685 -42.4704 -40.7329 
-40.3874 -40.0571 -40.5423 -42.9459 -39.573 -41.5972 -41.7277 
-45.8989 -40.5957 -42.3977 -48.2425 -40.9159 -42.0179 -42.4243 
-45.4027 -41.2107 -44.241 -41.4829 -38.9992 -46.8713 -42.22 
-41.9658 -45.2576 -43.1858 -44.9246 -45.1021 -45.0343 -44.1833 
-44.3002 -45.7397 -41.7512 -45.5149 -43.459 -44.6227 -48.3455 
-45.5711 -44.4732 -46.7711 -44.8932 -43.9814 -42.9824 -44.0996 
-43.4865 -41.1938 -44.6301 -45.1729 -46.5063 -44.5161 -47.9837 
-43.9282 -42.4464 -41.8472 -44.9346 -43.8276 -39.0496 -44.0496 
-43.8129 -46.8454 -46.9305 -45.0349 -43.6361 -43.6163 -45.3125 
-44.8598 -41.4184 -46.3629 -41.5451 -45.899 -44.3339 -50.3757 
-47.2463 -44.7431 -40.6526 -44.6269 -47.3062 -42.749 -49.0434 
-42.5918 -47.3888 -45.5199 -51.0762 -42.6091 -44.4192 -43.0738 
-49.0828 -44.3233 -49.0714 -43.8262 -45.4726 -40.7134 -47.8253 
-45.91 -46.5488 -44.7711 -47.7554 -46.0215 -48.1985 -46.0901 
-44.7458 -47.9671 -39.8633 -45.5927 -38.8852 -43.7917 -44.7746 
-44.1237 -44.3294 -43.8244 -46.1464 -43.2735 -41.5812 -47.4674 
-43.7917 -44.1583 -41.8449 -40.964 -42.8457 -44.7184 -41.5742 
-43.6262 -40.7775 -69.6878 -51.8446 -54.2232 -44.4499 -47.4761 
-0.725181 0.613244 -50.9316 -49.3591 -42.422 -40 -40 
-40 -40 -40 -40 -40 -40 -40 
-40 -40 -40 -40 -40 -40 -40 
