-39.3236 -38.9157 -37.7421 -40 -34.9807 -35.1176 -40 
-38.9898 -39.9799 -41.1478 -39.532 -37.4031 -38.8014 -40.5561 
-39.7181 -43.2441 -36.8779 -37.0919 -37.9716 -38.0622 -40.0933 
-42.592 -38.216 -44.4827 -38.7673 -51.9424 -50.5486 -41.056 
-38.1469 -40.0009 -44.2629 -41.0224 -41.1309 -39.8951 -37.8691 
-39.3936 -38.5564 -40.6063 -39.2742 -36.5527 -40.0142 -37.6011 
-38.3335 -37.8816 -38.284 -40.3961 -37.3676 -39.2714 -39.0727 
-43.039 -38.0802 -39.7749 -45.5068 -38.4122 -39.2211 -39.0274 
-42.6385 -38.5852 -41.5208 -39.1514 -36.2999 -44.3359 -38.7867 
-39.3084 -42.5459 -40.1272 -42.1818 -42.3242 -42.4256 -40.9737 
-41.6944 -42.8028 -38.986 -42.6121 -40.8379 -42.1096 -44.4092 
-42.966 -41.7116 -43.9467 -42.2369 -41.2971 -40.7283 -41.266 
-40.8804 -38.5976 -41.7191 -42.4581 -43.9211 -41.7806 -44.7463 
-41.2257 -40.5092 -39.4961 -41.8635 -41.331 -36.6837 -41.2453 
-41.1112 -44.1172 -44.5181 -42.4855 -41.1295 -41.1263 -41.7722 
-42.1053 -38.5463 -43.7979 -38.7232 -43.2994 -41.6274 -47.8075 
-44.9563 -42.1371 -38.128 -42.003 -44.6182 -40.1241 -46.0609 
-39.6742 -44.3887 -42.3391 -47.7455 -39.8541 -41.5525 -40.1814 
-46.2284 -41.7896 -46.3433 -41.4093 -42.5648 -38.4346 -45.7298 
-42.9216 -43.8684 -42.3509 -45.2484 -43.5059 -45.5156 -43.3583 
-42.256 -45.4311 -37.4373 -43.1179 -36.4144 -41.3347 -40.8267 
-41.8334 -41.8515 -41.3438 -43.0547 -40.6602 -39.2071 -44.7429 
-41.5391 -41.5417 -39.296 -38.8727 -40.361 -42.8641 -39.4043 
-41.3614 -38.2439 -48.9708 -48.0662 -46.7316 -41.3033 -43.4003 
-44.9299 -46.2243 -45.6068 -45.8703 -44.4607 -43.7593 -41.3464 
-43.017 -43.6559 -42.8673 -43.4137 -42.7972 -41.2701 -44.6579 
-42.0561 -40.4652 -41.7201 -42.3004 -42.8026 -30.6244 -48.8846 
