0 7.37931 0.29078
1 6.62948 0.178681
2 6.80221 0.196087
3 6.81788 0.230254
4 6.68384 0.231485
5 6.38974 0.283258
6 6.32294 0.270208
7 6.81592 0.145137
8 6.13786 0.135545
9 6.85066 0.137515
10 7.00564 0.128637
11 6.89883 0.120186
12 6.67113 0.138581
13 7.11993 0.215505
14 6.82406 0.158179
15 7.00309 0.121072
16 7.5423 0.162063
17 6.42685 0.139679
18 6.4488 0.145604
19 6.75778 0.180155
20 5.95368 0.159231
21 6.90526 0.164154
22 6.62116 0.168638
23 6.99298 0.1077
24 6.9956 0.13487
25 6.34011 0.084899
26 6.50626 0.0902137
27 6.61101 0.177911
28 6.58471 0.144821
29 7.47147 0.147438
30 7.13342 0.113307
31 6.72262 0.156107
32 6.70272 0.151695
33 6.50623 0.122602
34 6.61002 0.152618
35 6.28168 0.130293
36 7.37096 0.134003
37 6.46725 0.13935
38 6.98204 0.168424
39 5.78267 0.183241
40 7.10632 0.119771
41 7.33177 0.156374
42 7.04511 0.153801
43 7.04445 0.149835
44 6.95304 0.149492
45 6.97717 0.154253
46 6.5081 0.181513
47 6.8501 0.15084
48 7.06003 0.162827
49 7.10741 0.110437
50 7.40939 0.145491
51 7.12013 0.186521
52 7.07442 0.122867
53 7.2068 0.140705
54 6.39443 0.179037
55 7.17516 0.185126
56 6.92932 0.138139
57 6.54378 0.177669
58 7.25862 0.110122
59 6.6422 0.162104
60 5.73919 0.159238
61 6.82348 0.140001
62 6.82977 0.144753
63 7.11939 0.156052
64 7.3057 0.135605
65 6.36086 0.148613
66 7.23599 0.116211
67 6.72212 0.128625
68 7.24592 0.141542
69 6.87617 0.128859
70 7.39486 0.159774
71 7.09035 0.144199
72 6.66155 0.169615
73 6.22395 0.163973
74 7.63695 0.123436
75 7.20614 0.13782
76 6.82554 0.129136
77 7.44996 0.139316
78 6.92234 0.151757
79 6.82804 0.11232
80 7.0962 0.132711
81 6.88083 0.146108
82 7.44483 0.180464
83 7.59504 0.181658
84 7.37306 0.154033
85 6.60272 0.170533
86 6.70465 0.140947
87 6.96933 0.162025
88 6.94621 0.128454
89 6.82234 0.147391
90 7.16803 0.131363
91 6.77476 0.123137
92 9.89755 0.159099
93 7.25574 0.153441
94 6.2842 0.120794
95 7.05398 0.146902
96 7.00608 0.151045
97 6.93082 0.138698
98 7.29395 0.161119
99 7.12247 0.117068
100 7.23085 0.121206
101 7.69835 0.141085
102 7.06293 0.157776
103 7.55509 0.139489
104 7.41445 0.155658
105 7.14116 0.119537
106 6.93211 0.1748
107 7.17834 0.151011
108 6.25923 0.154707
109 7.89693 0.14641
110 7.22024 0.124429
111 7.21883 0.128857
112 7.41966 0.12454
113 6.56714 0.124532
114 7.13444 0.163495
115 7.28344 0.133286
116 6.60668 0.131616
117 7.18294 0.158851
118 7.37638 0.12041
119 6.60369 0.14582
120 6.88038 0.120292
121 6.42454 0.163565
122 7.11459 0.12234
123 7.19148 0.133599
124 6.66012 0.122585
125 7.20106 0.155124
126 7.38734 0.12267
127 7.52942 0.155806
128 7.3189 0.128916
129 7.58434 0.158289
130 6.61158 0.127269
131 7.74818 0.176364
132 7.39219 0.151483
133 7.36689 0.129168
134 7.16173 0.11679
135 7.57489 0.125035
136 7.22409 0.108487
137 7.75712 0.154036
138 7.46634 0.135719
139 7.17501 0.122615
140 7.42989 0.155411
141 6.96726 0.108982
142 7.17731 0.152346
143 7.39312 0.123169
144 6.80358 0.146325
145 6.86683 0.131654
146 6.94274 0.133716
147 7.48948 0.129265
148 6.82157 0.0998756
149 6.92195 0.132044
150 7.08938 0.126335
151 7.01726 0.114043
152 6.80457 0.152732
153 6.93009 0.127372
154 7.27758 0.128323
155 6.56721 0.139256
156 7.35941 0.134532
157 7.20779 0.132723
158 6.35676 0.148383
159 7.44146 0.119826
160 7.22282 0.12597
161 7.04209 0.125981
162 6.68631 0.153081
163 6.32549 0.0817882
164 6.18982 0.0907842
165 6.37536 0.0801086
166 6.89978 0.138889
167 6.93674 0.122752
168 6.26051 0.0985155
169 6.15753 0.0873554
170 6.0961 0.0904317
171 6.36069 0.0939877
172 6.23604 0.111217
173 5.89077 0.100872
174 6.02036 0.104748
175 6.15598 0.0943451
176 5.5366 0.109827
177 6.07214 0.107898
178 6.25733 0.0999892
179 6.10919 0.0865099
180 6.37452 0.11148
181 5.872 0.104591
182 6.30777 0.138162
183 6.19217 0.147409
184 6.10209 0.121011
185 6.52952 0.131713
186 6.36239 0.14167
187 6.48062 0.135636
188 6.25357 0.150714
