0 5.99453 0.0128827
1 5.97304 0.0114508
2 5.80601 0.00730478
3 5.96272 0.0180571
4 6.64588 0.00715031
5 6.56619 0.00909356
6 6.43343 0.0064869
7 6.48703 0.00888283
8 5.87174 0.00654257
9 6.59613 0.0077167
10 6.05996 0.00663876
11 6.68212 0.00818191
12 6.37956 0.00753338
13 6.06326 0.00900926
14 6.31311 0.00651532
15 7.04393 0.00851991
16 6.54275 0.00656759
17 6.34601 0.0080068
18 6.69905 0.00630592
19 6.54262 0.00835024
20 5.22492 0.00919178
21 6.33551 0.00830625
22 6.22189 0.00666976
23 6.55833 0.00825117
24 6.12116 0.00621716
25 6.99687 0.00850382
26 6.5801 0.00661711
27 6.50446 0.00829148
28 6.38158 0.00632314
29 7.22198 0.0094757
30 6.73352 0.00710574
31 7.15119 0.00857882
32 6.32173 0.00609717
33 5.99233 0.0073932
34 6.72389 0.00640102
35 6.41215 0.00800402
36 6.78751 0.00657891
37 7.0286 0.00830009
38 6.754 0.00713514
39 5.72584 0.00785838
40 6.62652 0.00655551
41 6.48046 0.00727153
42 6.22119 0.00632724
43 6.19525 0.00748677
44 6.6044 0.00630189
45 6.78566 0.00726957
46 6.49215 0.00644798
47 6.02834 0.00762139
48 6.18992 0.00623021
49 6.37732 0.00774309
50 5.61589 0.00896984
51 5.97989 0.00844899
