0 7.38321 0.287901
1 6.63315 0.178041
2 6.85475 0.195205
3 6.78298 0.22816
4 6.6945 0.230168
5 6.43106 0.280018
6 6.37258 0.266393
7 6.84937 0.144366
8 6.13943 0.134618
9 6.85406 0.136655
10 7.02048 0.127566
11 6.89719 0.119272
12 6.69835 0.137545
13 7.01295 0.214164
14 6.81089 0.157478
15 6.98518 0.120351
16 7.5712 0.160254
17 6.41798 0.139196
18 6.45656 0.144962
19 6.75193 0.1798
20 5.95038 0.160957
21 6.91182 0.163409
22 6.62545 0.166694
23 6.95833 0.107021
24 6.97012 0.135238
25 6.33704 0.0843084
26 6.49703 0.0895485
27 6.6036 0.176849
28 6.64041 0.142249
29 7.47923 0.146144
30 7.12317 0.11263
31 6.75688 0.154973
32 6.68813 0.150997
33 6.51976 0.122648
34 6.61842 0.152703
35 6.30085 0.129299
36 7.3509 0.133487
37 6.49241 0.1395
38 6.94376 0.166055
39 5.72806 0.182673
40 7.12902 0.11919
41 7.34291 0.155172
42 7.06486 0.152376
43 7.0259 0.149048
44 6.97274 0.148855
45 7.00525 0.15405
46 6.51633 0.181364
47 6.82264 0.150067
48 7.07888 0.163489
49 7.09109 0.109965
50 7.40786 0.145197
51 7.12633 0.186319
52 7.0792 0.122682
53 7.23863 0.140846
54 6.38279 0.179209
55 7.17435 0.184298
56 6.96074 0.137634
57 6.5267 0.176881
58 7.24296 0.10933
59 6.63964 0.160761
60 5.80454 0.158667
61 6.8472 0.13939
62 6.77748 0.14363
63 7.0899 0.15507
64 7.3518 0.134842
65 6.35164 0.148031
66 7.23932 0.115833
67 6.76126 0.127629
68 7.21251 0.140552
69 6.85127 0.128185
70 7.33557 0.157266
71 7.12962 0.143395
72 6.66427 0.16861
73 6.25407 0.164619
74 7.65576 0.12295
75 7.21904 0.135975
76 6.87821 0.128302
77 7.45897 0.138531
78 6.93726 0.150398
79 6.82142 0.11146
80 7.09292 0.131998
81 6.88029 0.145442
82 7.46052 0.179827
83 7.62767 0.180612
84 7.40235 0.153137
85 6.64739 0.1699
86 6.72223 0.140034
87 6.96605 0.1608
88 7.02298 0.127025
89 6.85777 0.146813
90 7.19468 0.130649
91 6.80585 0.122251
92 10.0246 0.158309
93 7.26567 0.152384
94 6.26214 0.120299
95 7.05507 0.145616
96 7.01804 0.149855
97 6.94973 0.137977
98 7.28321 0.159643
99 7.14338 0.116462
100 7.19977 0.120048
101 7.72764 0.140358
102 7.10046 0.157671
103 7.56534 0.138308
104 7.38421 0.154799
105 7.16598 0.118266
106 6.93524 0.172961
107 7.13539 0.149036
108 6.24462 0.155521
109 7.88667 0.145659
110 7.21525 0.12367
111 7.18056 0.127613
112 7.38598 0.123275
113 6.57772 0.123252
114 7.12562 0.161406
115 7.29915 0.132211
116 6.6181 0.13106
117 7.21062 0.157402
118 7.36887 0.119797
119 6.58891 0.145704
120 6.89516 0.119764
121 6.4177 0.162134
122 7.10044 0.121679
123 7.16092 0.132668
124 6.65155 0.121959
125 7.17278 0.154634
126 7.37284 0.122292
127 7.55938 0.154674
128 7.27404 0.128276
129 7.56611 0.157997
130 6.58216 0.126652
131 7.77589 0.175256
132 7.40551 0.150705
133 7.34114 0.128166
134 7.1831 0.115897
135 7.59041 0.124808
136 7.2359 0.108285
137 7.77918 0.15215
138 7.45406 0.135274
139 7.19901 0.121931
140 7.44407 0.154707
141 6.98241 0.108807
142 7.18255 0.151032
143 7.39406 0.122846
144 6.83041 0.145885
145 6.88341 0.130786
146 6.95614 0.133055
147 7.49841 0.128588
148 6.83711 0.0995079
149 6.87611 0.131082
150 7.0546 0.125697
151 7.01632 0.11334
152 6.83106 0.151399
153 6.91611 0.126704
154 7.28307 0.127711
155 6.52013 0.138776
156 7.32232 0.133687
157 7.21897 0.132083
158 6.34718 0.147266
159 7.47651 0.119445
160 7.22746 0.125461
161 7.06759 0.125446
162 6.66413 0.152555
163 6.34493 0.0813352
164 6.18907 0.0904087
165 6.37617 0.0796681
166 6.89558 0.139208
167 6.94118 0.121743
168 6.24882 0.097854
169 6.16801 0.0873077
170 6.10402 0.090114
171 6.36488 0.0933261
172 6.23256 0.111296
173 5.88983 0.10059
174 6.03041 0.103964
175 6.14007 0.0938227
176 5.53061 0.109352
177 6.05736 0.107474
178 6.23208 0.0993184
179 6.11903 0.0860978
180 6.37996 0.110835
181 5.87347 0.104903
182 6.35696 0.136055
183 6.2069 0.146788
184 6.10528 0.120599
185 6.54709 0.130733
186 6.37611 0.14106
187 6.49269 0.134793
188 6.26519 0.150254
