0 8.10622 0.111784
1 7.49029 0.0844495
2 7.51563 0.101224
3 7.94603 0.0906546
4 7.49997 0.0932245
5 7.18014 0.10697
6 7.61002 0.118691
7 7.62736 0.0592085
8 7.09505 0.0587603
9 7.47706 0.0541213
10 7.57061 0.0537191
11 7.75951 0.0511523
12 7.40713 0.0591345
13 7.32593 0.0635419
14 7.52337 0.0642906
15 7.64969 0.0504728
16 8.06725 0.0693305
17 7.11523 0.0574891
18 7.21781 0.0609597
19 7.68793 0.0674069
20 7.13668 0.0583916
21 7.4133 0.0609185
22 7.18678 0.0655728
23 7.21418 0.0409201
24 7.94537 0.0571162
25 6.63799 0.0343443
26 6.67002 0.0356411
27 7.28297 0.0601008
28 7.32797 0.056774
29 7.70488 0.0615752
30 7.20315 0.0587098
31 6.98621 0.0646037
32 7.43061 0.0584971
33 6.79853 0.0536089
34 7.52393 0.0641785
35 7.2203 0.0512185
36 7.52255 0.0555831
37 6.76357 0.0565226
38 7.09854 0.0686251
39 6.79265 0.0760685
40 7.32756 0.0490196
41 7.8782 0.0505707
42 7.51574 0.0589862
43 7.16683 0.0591767
44 7.24424 0.058516
45 7.36924 0.0647115
46 7.37516 0.0744638
47 7.24187 0.0590596
48 8.19262 0.0650931
49 7.08996 0.0454726
50 7.46924 0.0565112
51 7.11531 0.073722
52 7.21548 0.0570371
53 7.39399 0.0578538
54 6.33077 0.0670793
55 7.70126 0.0700964
56 6.85105 0.0500278
57 6.81288 0.0671924
58 7.17647 0.0469562
59 7.23834 0.0688107
60 6.15053 0.0684101
61 6.83452 0.057587
62 6.94079 0.0548155
63 7.23748 0.0628599
64 7.5042 0.0516885
65 6.55573 0.055917
66 7.32282 0.0488637
67 6.81053 0.0524501
68 7.13638 0.058423
69 6.93932 0.054778
70 7.20602 0.0627366
71 6.95068 0.0629088
72 6.48124 0.0698794
73 7.14355 0.067891
74 7.49711 0.0502153
75 7.56032 0.0581661
76 6.97405 0.050356
77 7.2704 0.0560587
78 6.62579 0.0585259
79 6.97409 0.0447249
80 7.1975 0.0528365
81 6.90517 0.0573041
82 7.93031 0.0747051
83 7.76638 0.0742101
84 7.52949 0.0618282
85 6.70152 0.0662177
86 6.94767 0.059931
87 7.22049 0.0619814
88 7.29383 0.0525275
89 6.93699 0.0598605
90 7.08002 0.0506981
91 6.91634 0.0485644
92 8.44973 0.00660968
93 7.47446 0.0631795
94 6.45866 0.0481063
95 7.27617 0.0588094
96 6.89761 0.0612179
97 7.36253 0.0579151
98 7.1869 0.0663515
99 7.03969 0.0486214
100 7.41672 0.0491073
101 7.6432 0.0568493
102 7.09128 0.0635372
103 7.42272 0.0574283
104 7.69377 0.0600249
105 7.41327 0.0498281
106 6.80427 0.0680977
107 7.22166 0.056749
108 6.4971 0.0653648
109 7.84386 0.0587254
110 7.33842 0.0502378
111 7.37356 0.0539811
112 7.48308 0.0514976
113 6.44611 0.0516884
114 7.00137 0.0624404
115 7.25826 0.0544064
116 6.57576 0.0549245
117 7.0579 0.0629598
118 7.66018 0.0497597
119 6.69983 0.058766
120 6.74871 0.047158
121 6.51397 0.0658258
122 7.3727 0.0485181
123 7.40385 0.0543746
124 6.73628 0.0486402
125 7.81049 0.0617223
126 7.50841 0.050557
127 7.44512 0.0600359
128 7.42117 0.0495119
129 7.68293 0.0616696
130 6.65146 0.0510214
131 7.7035 0.0698062
132 7.8458 0.0581964
133 7.26184 0.0516444
134 7.33312 0.0483434
135 7.77685 0.0519286
136 7.33382 0.0458877
137 7.87347 0.060886
138 7.33721 0.0556959
139 7.57841 0.0508573
140 7.86489 0.0678083
141 7.49407 0.0477778
142 7.13971 0.0611296
143 7.62871 0.0535294
144 6.86956 0.0619273
145 6.94461 0.0513371
146 7.38216 0.0580378
147 7.76316 0.0524801
148 7.18318 0.040899
149 7.58131 0.0541806
150 7.46634 0.0558292
151 7.22579 0.0492593
152 6.80178 0.0598265
153 7.61491 0.0536823
154 7.77044 0.059832
155 7.38581 0.0540369
156 7.41727 0.0535201
157 7.71964 0.0545998
158 6.48681 0.0616641
159 7.69521 0.050592
160 7.91554 0.0521787
161 7.75187 0.0544328
162 7.91535 0.0642333
163 6.44762 0.0337095
164 6.57274 0.0408591
165 6.65161 0.0324465
166 7.53503 0.0556348
167 7.50625 0.0520399
168 6.44846 0.0415637
169 6.55004 0.0380669
170 6.43312 0.03667
171 6.64252 0.0369057
172 6.28294 0.0476973
173 6.51324 0.0381086
174 6.38173 0.0410925
175 6.59889 0.0409923
176 6.54461 0.0471238
177 6.47831 0.0447318
178 6.48751 0.0413042
179 6.41227 0.0366159
180 6.6266 0.046753
181 6.52971 0.0550256
182 6.7721 0.0575614
183 7.07831 0.060681
184 6.79675 0.0556349
185 6.84236 0.0525701
186 6.94723 0.058586
187 6.93152 0.0557713
188 7.07119 0.0755627
