0 5.72524 0.0105594
1 7.30082 0.0104367
2 7.38778 0.0122162
3 7.9447 0.00877696
4 7.92522 0.00909539
5 7.77328 0.00998877
6 8.64227 0.0158238
7 7.52463 0.00686803
8 6.76244 0.00612881
9 7.29739 0.00698268
10 8.08463 0.00573159
11 6.84955 0.00606996
12 7.44559 0.00694182
13 6.54699 0.00650287
14 7.56493 0.00720033
15 7.72652 0.0065894
16 7.25945 0.00642051
17 7.72236 0.00605517
18 7.11584 0.00635337
19 7.24624 0.00674168
20 7.58757 0.00677311
21 8.23509 0.00708102
22 8.02222 0.00634813
23 6.796 0.00579183
24 8.24011 0.00557601
25 7.2488 0.197826
26 7.40533 0.190517
27 6.6447 0.00623396
28 7.50274 0.00604865
29 7.96716 0.00668604
30 6.84605 0.00797086
31 7.03614 0.00758645
32 6.37846 0.00707851
33 6.73794 0.0057141
34 7.18898 0.00661876
35 6.75127 0.00568638
36 8.3666 0.0062965
37 7.06593 0.00600201
38 7.58104 0.00714654
39 6.31241 0.00748597
40 6.57468 0.0059265
41 8.3755 0.00610308
42 6.75637 0.00645422
43 6.42895 0.00632902
44 6.15396 0.00645118
45 6.3317 0.00705273
46 7.4511 0.00729565
47 6.78885 0.00645774
48 7.39956 0.00732868
49 6.68088 0.00615621
50 7.016 0.00617989
51 6.7564 0.00731089
52 7.37699 0.00693209
53 7.08546 0.00553654
54 6.31527 0.0072774
55 7.32366 0.00758194
56 6.57477 0.00669832
57 6.07547 0.0067833
58 6.92883 0.00588128
59 8.49157 0.00752481
60 5.05864 0.00666119
61 6.87405 0.00739878
62 5.85996 0.00599883
63 7.52787 0.00628672
64 7.59913 0.00681319
65 6.10169 0.00638663
66 7.74564 0.00710861
67 6.99642 0.0068871
68 6.69766 0.00664848
69 7.85383 0.00619277
70 7.56041 0.00653684
71 6.58649 0.00631912
72 6.54288 0.00660745
73 7.81404 0.00743728
74 7.77836 0.00617326
75 6.90362 0.00652838
76 8.07429 0.00705193
77 7.08548 0.00674755
78 7.52947 0.00658684
79 6.52219 0.00567003
80 7.3347 0.00591188
81 6.44856 0.00654164
82 7.75676 0.00735676
83 6.94855 0.00716923
84 6.65265 0.00692966
85 5.62837 0.00688938
86 6.71817 0.00634119
87 7.50806 0.00575481
88 6.68153 0.00686204
89 6.70433 0.00688417
90 7.37861 0.00676052
91 7.10476 0.00541309
92 8.44973 0.00660968
93 5.99592 0.00631707
94 6.03581 0.00681803
95 7.60817 0.00634186
96 7.30896 0.00644856
97 6.69443 0.00605318
98 7.56641 0.0065225
99 6.39016 0.00601761
100 7.45884 0.00646389
101 7.20389 0.00704977
102 6.3645 0.00684082
103 7.61071 0.00642038
104 7.91897 0.00716609
105 7.26356 0.00531292
106 7.12108 0.0059582
107 7.53823 0.00690695
108 6.9381 0.00672236
109 7.36571 0.00676063
110 7.36821 0.00562668
111 7.66709 0.00742842
112 7.61509 0.00581391
113 7.20507 0.00654467
114 7.12567 0.00664294
115 7.24331 0.00678903
116 6.22043 0.00621816
117 6.59442 0.00707756
118 7.6824 0.00652175
119 6.52951 0.00584453
120 6.86372 0.0069033
121 6.09524 0.00690352
122 7.73487 0.00693857
123 6.89172 0.00540724
124 6.88927 0.00585346
125 8.60909 0.00688199
126 7.98568 0.00626156
127 6.83371 0.00644028
128 7.1681 0.00683573
129 8.41517 0.00701878
130 6.63255 0.00583296
131 6.94766 0.00631631
132 7.63004 0.00660143
133 7.09571 0.00532217
134 7.80743 0.00580163
135 8.29115 0.00581298
136 8.3077 0.00604679
137 9.28277 0.00639983
138 8.51328 0.00715387
139 7.93124 0.00566681
140 7.81207 0.00725585
141 8.11027 0.00705752
142 6.59862 0.00613739
143 8.03591 0.00670106
144 7.23998 0.00601802
145 6.96791 0.00657244
146 7.92614 0.00683886
147 7.31816 0.00630038
148 7.04646 0.00517707
149 8.1169 0.00631494
150 8.16233 0.00618931
151 7.89725 0.00603416
152 7.06924 0.00670821
153 8.58808 0.00624788
154 7.75045 0.00574126
155 8.17958 0.00683977
156 6.88574 0.00575674
157 8.44085 0.00594223
158 5.97844 0.00631656
159 8.1977 0.00696862
160 9.38619 0.00638632
161 8.19359 0.00602821
162 7.59631 0.00619395
163 6.39897 0.182196
164 6.82811 0.208319
165 6.49818 0.173738
166 8.29878 0.00568012
167 7.29289 0.00643384
168 6.53812 0.220716
169 7.03221 0.199982
170 6.81519 0.197704
171 7.09733 0.20134
172 7.46437 0.241639
173 6.46862 0.204936
174 6.35976 0.215724
175 6.22719 0.208549
176 6.77926 0.228875
177 6.34521 0.228577
178 6.89785 0.22384
179 6.614 0.192601
180 7.04626 0.229252
181 5.45308 0.255436
182 6.92186 0.331498
183 7.2256 0.332822
184 6.97152 0.280414
185 7.21488 0.290979
186 6.4556 0.299373
187 7.23613 0.287547
188 7.74887 0.419167
