## For 10mV Trigger Amplitude

## For 15mV Trigger Amplitude


## For 20mV Trigger Amplitude (Run 1475) ------------------------
## Correction factor applied = 1.21 => Cosmic eng. dep = 72.6 MeV
bb.sh.adc.gain = 
0.00684527 0.00686179 0.00682012 0.00725281 0.0072869 0.00726519 0.00684121 
0.00718911 0.00718177 0.00690934 0.00700361 0.00696862 0.007103 0.00699748 
0.00699817 0.00672254 0.00741976 0.00751406 0.00722704 0.00759367 0.00707875 
0.00689464 0.00751105 0.00688615 0.0073738 0.00658112 0.00657015 0.00686516 
0.00720461 0.00716253 0.00657967 0.0070552 0.0070936 0.00681449 0.00714271 
0.00701683 0.00706826 0.00689192 0.00719851 0.00716065 0.00694379 0.00692687 
0.00769074 0.00770435 0.00744517 0.00707353 0.00773114 0.00747297 0.00709019 
0.00696267 0.00758169 0.00764649 0.00696601 0.00758982 0.0077527 0.00707748 
0.00689907 0.00724944 0.00686745 0.00728693 0.00737935 0.00688353 0.00710268 
0.00731547 0.00691225 0.00712021 0.00700122 0.00696299 0.00685761 0.00677877 
0.00736287 0.00725474 0.00728574 0.00726726 0.007167 0.00717597 0.00682807 
0.00692677 0.00737652 0.00705926 0.00733492 0.007521 0.00729953 0.00725328 
0.00713803 0.0074558 0.00718762 0.00716017 0.00698858 0.00699156 0.00670962 
0.00700191 0.00688252 0.00712747 0.00703106 0.00703029 0.00756503 0.00669898 
0.00725869 0.00702031 0.00698314 0.00714152 0.00723568 0.0073379 0.00717303 
0.00724377 0.00703153 0.00705236 0.00740044 0.00701523 0.00716112 0.00675572 
0.00680222 0.00715546 0.00769444 0.00703839 0.00694002 0.00738879 0.00688665 
0.0074488 0.00714576 0.00719622 0.00675053 0.00744103 0.00725009 0.00745823 
0.00685475 0.0074456 0.00693501 0.00717684 0.00725532 0.00746219 0.0070495 
0.00708924 0.00697646 0.00731525 0.00709836 0.00713364 0.00704779 0.00686422 
0.0065854 0.00672468 0.00725775 0.00679765 0.00758507 0.00684898 0.00659088 
0.00681547 0.00690738 0.0068733 0.00683787 0.00694506 0.00716653 0.00660326 
0.0069875 0.00675692 0.00708558 0.00719412 0.00717128 0.00693047 0.006968 
0.00698735 0.00713934 0.00652627 0.00663891 0.00661604 0.00664069 0.00660693 
0.00669245 0.00655088 0.00664217 0.00652169 0.00677169 0.0066812 0.00673674 
0.00656743 0.0068179 0.00670265 0.00678792 0.00656845 0.00669009 0.0065789 
0.00670849 0.00676051 0.00656152 0.00662424 0.0065899 0.00663085 0.00641417

## For 25mV Trigger Amplitude
