1 1 1 1 0.0028306 0.00164168 0.00162457 1 1 1 1 1 
1 1 0.00228011 0.00212008 0.00198705 0.00193859 0.00104133 0.000578296 0.000576583 0.00113128 0.00165629 0.00254517 
1 0.00132783 0.00242838 0.00231088 0.00208416 0.00155856 0.000643357 0.000635742 0.00163693 0.00170238 0.00149566 1 
1 1 0.00217471 0.00175005 0.00186568 0.00132562 0.00194898 0.00196595 0.00194728 0.00166461 0.000762802 1 
1 1 0.00274181 0.00147162 0.00185099 0.00172756 0.00158117 0.00185715 0.0014884 0.00201539 0.00197347 1 
1 1 0.00289137 0.000931228 0.00207248 0.00153822 0.00133276 0.00171534 0.00140952 0.00136472 0.00295569 1 
0.00184906 0.00149428 0.000858611 0.00142176 0.000702877 0.00106958 0.00178994 0.00147382 0.00181231 0.00166654 0.00279009 1 
1 0.00247155 0.00191484 0.00184089 0.00171877 0.00173372 0.00183363 0.00168608 0.00203537 0.00169014 0.00148356 1 
1 0.00288547 0.00206133 0.00201982 0.00175338 0.00162551 0.000958002 0.00176159 0.0015327 0.00177948 0.0023848 1 
1 0.00291092 0.00157959 0.00188986 0.00181621 0.00147871 0.00161962 0.00132671 0.0015955 0.0017391 0.00128793 1 
1 1 0.00129357 0.00186683 0.00163587 0.00160042 0.00153567 0.00166751 0.0016089 0.00268458 0.00159185 0.0021176 
1 1 0.00183703 0.00147544 0.00161992 0.00167994 0.00114465 0.00162372 0.00172119 0.00221394 0.002822 1 
0.0030532 0.00236693 0.00160256 0.000426623 0.00109226 0.000797853 0.00162862 0.00173385 0.00197515 0.000824524 0.00288024 0.0039616 
1 0.00360263 0.00165649 0.00159144 0.00141524 0.0016434 0.00187543 0.00184659 0.002375 0.00171737 0.00552342 0.00461647 
1 1 0.00255909 0.00213433 0.00171648 0.00226519 0.00203096 0.00175608 0.00252328 0.00056693 0.0030666 0.00422934 
1 0.00324296 0.00185446 0.00197837 0.00120361 0.00136843 0.00227102 0.00160838 0.00174446 0.00165599 0.00451848 0.00419211 
1 0.0104156 0.00240825 0.00240437 0.00134661 0.00196196 0.00140794 0.00131346 0.00141523 0.00190825 0.00150893 0.00196585 
1 0.00230796 1 0.0020617 0.00173238 0.00110112 0.00187136 0.00171515 0.00133649 0.00204124 0.00259408 1 
1 1 0.00197677 0.00477865 0.00144398 0.00199135 0.00143687 0.0017927 0.00182509 0.00157429 0.00278489 1 
1 0.00383685 0.00329305 0.00303811 0.00178872 0.00148433 0.00151726 0.00192957 0.00207543 0.00193745 0.00255531 1 
1 1 1 1 0.00219295 0.00261351 0.00261741 0.00232054 0.00111151 0.00295998 0.00252721 1 
1 1 1 0.00351122 0.00256389 0.00325787 0.00290834 0.00184114 0.00247612 0.00303633 0.00389589 1 
1 1 0.0028417 1 0.00357448 1 0.00136176 0.00446188 0.00274901 0.00296336 0.00344513 1 
1 1 1 1 1 1 1 1 1 1 1 1 
