# Date/Time = Mon Feb 1 2021 08:00:00 
# start database from the beginning of time 
-------[ 2021-02-01 08:00:00 ]

## Detector map, format:
## crate slot start_channel end_channel
bb.sh.detmap = ##
#  6     20    2     2  -1 
  6     6     4     15 0 #      0
  6     7     0     15 0 #      0
  6     8     0     15 0 #      0
  6     9     0     15 0 #      0
  6     10     0     15 0 #      0
  6     13     0     15 0 #      0
  6     14     0     15 0 #      0
  6     15     0     15 0 #      0
  6     16     0     15 0 #      0
  6     17     0     15 0 #      0
  6     18     0     15 0 #      0
  6     19     0     15 0 #      0
  6     20     0     1  0 #      0

## Optional channel map
bb.sh.chanmap =  0 1  2  3  4  5  6  7  
                 8  9 10 11 12 13 14  
                15 16 17 18 19 20 21  
                22 23 24 25 26 27 28  
                29 30 31 32 33 34 35  
                36 37 38 39 40 41 42 
                43 44 45 46 47 48 49  
                50 51 52 53 54 55 56  
		57 58 59 60 61 62 63  
		64 65 66 67 68 69 70  
		71 72 73 74 75 76 77  
		78 79 80 81 82 83 84  
		85 86 87 88 89 90 91  
		92 93 94 95 96 97 98  
		99 100 101 102 103 104 105  
		106 107 108 109 110 111 112  
		113 114 115 116 117 118 119  
		120 121 122 123 124 125 126  
		127 128 129 130 131 132 133  
		134 135 136 137 138 139 140  
		141 142 143 144 145 146 147  
		148 149 150 151 152 153 154  
		155 156 157 158 159 160 161  
		162 163 164 165 166 167 168  
		169 170 171 172 173 174 175  
		176 177 178 179 180 181 182  		        
		183 184 185 186 187 188 -1
 
## adc channels to mV assume F250 set fot 2V for 4096
bb.sh.adc.conv = 0.4882
# Threshold for pulse finding in waveform (mV)
bb.sh.adc.thres = 4.
# Number of bins (bin=4ns) at the beginning of waveform used to determing average Pedestal
bb.sh.adc.NPedBin = 4
# Number of bins (bin=4ns) before Threshold Bin to use in integrating pulse
bb.sh.adc.NSB = 3
# Number of bins (bin=4ns) before Threshold Bin to use in integrating pulse
bb.sh.adc.NSA = 10
# Number of bin for fixed Threshold if no Threshold Crossing is found
bb.sh.adc.FixThresBin = 14

## Positions in [m] where +z is roated by bb.theta
## BB SH front: 1.89215 m + most probable shower depth 0.065 cm 
#bb.sh.position = 0 0 1.95715
## surface of shower from 1st GEM: (90.88-16.00)"x 0.0254 m = 1.901952 cm 
bb.sh.position = 0.0088 0.0014 1.901952 

##X Offset:0.03022 m
bb.sh.xpos = 
1.08128 1.08128 1.08128 1.08128 1.08128 1.08128 1.08128 
0.99578 0.99578 0.99578 0.99578 0.99578 0.99578 0.99578 
0.91028 0.91028 0.91028 0.91028 0.91028 0.91028 0.91028 
0.82478 0.82478 0.82478 0.82478 0.82478 0.82478 0.82478 
0.73928 0.73928 0.73928 0.73928 0.73928 0.73928 0.73928 
0.65378 0.65378 0.65378 0.65378 0.65378 0.65378 0.65378 
0.56828 0.56828 0.56828 0.56828 0.56828 0.56828 0.56828 
0.48278 0.48278 0.48278 0.48278 0.48278 0.48278 0.48278 
0.39728 0.39728 0.39728 0.39728 0.39728 0.39728 0.39728 
0.31178 0.31178 0.31178 0.31178 0.31178 0.31178 0.31178 
0.22628 0.22628 0.22628 0.22628 0.22628 0.22628 0.22628 
0.14078 0.14078 0.14078 0.14078 0.14078 0.14078 0.14078 
0.05528 0.05528 0.05528 0.05528 0.05528 0.05528 0.05528 
-0.03022 -0.03022 -0.03022 -0.03022 -0.03022 -0.03022 -0.03022 
-0.11572 -0.11572 -0.11572 -0.11572 -0.11572 -0.11572 -0.11572 
-0.20122 -0.20122 -0.20122 -0.20122 -0.20122 -0.20122 -0.20122 
-0.28672 -0.28672 -0.28672 -0.28672 -0.28672 -0.28672 -0.28672 
-0.37222 -0.37222 -0.37222 -0.37222 -0.37222 -0.37222 -0.37222 
-0.45772 -0.45772 -0.45772 -0.45772 -0.45772 -0.45772 -0.45772 
-0.54322 -0.54322 -0.54322 -0.54322 -0.54322 -0.54322 -0.54322 
-0.62872 -0.62872 -0.62872 -0.62872 -0.62872 -0.62872 -0.62872 
-0.71422 -0.71422 -0.71422 -0.71422 -0.71422 -0.71422 -0.71422 
-0.79972 -0.79972 -0.79972 -0.79972 -0.79972 -0.79972 -0.79972 
-0.88522 -0.88522 -0.88522 -0.88522 -0.88522 -0.88522 -0.88522 
-0.97072 -0.97072 -0.97072 -0.97072 -0.97072 -0.97072 -0.97072 
-1.05622 -1.05622 -1.05622 -1.05622 -1.05622 -1.05622 -1.05622 
-1.14172 -1.14172 -1.14172 -1.14172 -1.14172 -1.14172 -1.14172 

# bb.sh.xpos = 
# 1.1115 1.1115 1.1115 1.1115 1.1115 1.1115 1.1115 
# 1.026 1.026 1.026 1.026 1.026 1.026 1.026 
# 0.9405 0.9405 0.9405 0.9405 0.9405 0.9405 0.9405 
# 0.855 0.855 0.855 0.855 0.855 0.855 0.855 
# 0.7695 0.7695 0.7695 0.7695 0.7695 0.7695 0.7695 
# 0.684 0.684 0.684 0.684 0.684 0.684 0.684 
# 0.5985 0.5985 0.5985 0.5985 0.5985 0.5985 0.5985 
# 0.513 0.513 0.513 0.513 0.513 0.513 0.513 
# 0.4275 0.4275 0.4275 0.4275 0.4275 0.4275 0.4275 
# 0.342 0.342 0.342 0.342 0.342 0.342 0.342 
# 0.2565 0.2565 0.2565 0.2565 0.2565 0.2565 0.2565 
# 0.171 0.171 0.171 0.171 0.171 0.171 0.171 
# 0.0855 0.0855 0.0855 0.0855 0.0855 0.0855 0.0855 
# 0.00 0.00 0.00 0.00 0.00 0.00 0.00 
# -0.0855 -0.0855 -0.0855 -0.0855 -0.0855 -0.0855 -0.0855 
# -0.171 -0.171 -0.171 -0.171 -0.171 -0.171 -0.171 
# -0.2565 -0.2565 -0.2565 -0.2565 -0.2565 -0.2565 -0.2565 
# -0.342 -0.342 -0.342 -0.342 -0.342 -0.342 -0.342 
# -0.4275 -0.4275 -0.4275 -0.4275 -0.4275 -0.4275 -0.4275 
# -0.513 -0.513 -0.513 -0.513 -0.513 -0.513 -0.513 
# -0.5985 -0.5985 -0.5985 -0.5985 -0.5985 -0.5985 -0.5985 
# -0.684 -0.684 -0.684 -0.684 -0.684 -0.684 -0.684 
# -0.7695 -0.7695 -0.7695 -0.7695 -0.7695 -0.7695 -0.7695 
# -0.855 -0.855 -0.855 -0.855 -0.855 -0.855 -0.855 
# -0.9405 -0.9405 -0.9405 -0.9405 -0.9405 -0.9405 -0.9405 
# -1.026 -1.026 -1.026 -1.026 -1.026 -1.026 -1.026 
# -1.1115 -1.1115 -1.1115 -1.1115 -1.1115 -1.1115 -1.1115 

##Y Offset:0.00314 m
bb.sh.ypos = 
-0.25964 -0.17414 -0.08864 -0.00314 0.08236 0.16786 0.25336 
-0.25964 -0.17414 -0.08864 -0.00314 0.08236 0.16786 0.25336 
-0.25964 -0.17414 -0.08864 -0.00314 0.08236 0.16786 0.25336 
-0.25964 -0.17414 -0.08864 -0.00314 0.08236 0.16786 0.25336 
-0.25964 -0.17414 -0.08864 -0.00314 0.08236 0.16786 0.25336 
-0.25964 -0.17414 -0.08864 -0.00314 0.08236 0.16786 0.25336 
-0.25964 -0.17414 -0.08864 -0.00314 0.08236 0.16786 0.25336 
-0.25964 -0.17414 -0.08864 -0.00314 0.08236 0.16786 0.25336 
-0.25964 -0.17414 -0.08864 -0.00314 0.08236 0.16786 0.25336 
-0.25964 -0.17414 -0.08864 -0.00314 0.08236 0.16786 0.25336 
-0.25964 -0.17414 -0.08864 -0.00314 0.08236 0.16786 0.25336 
-0.25964 -0.17414 -0.08864 -0.00314 0.08236 0.16786 0.25336 
-0.25964 -0.17414 -0.08864 -0.00314 0.08236 0.16786 0.25336 
-0.25964 -0.17414 -0.08864 -0.00314 0.08236 0.16786 0.25336 
-0.25964 -0.17414 -0.08864 -0.00314 0.08236 0.16786 0.25336 
-0.25964 -0.17414 -0.08864 -0.00314 0.08236 0.16786 0.25336 
-0.25964 -0.17414 -0.08864 -0.00314 0.08236 0.16786 0.25336 
-0.25964 -0.17414 -0.08864 -0.00314 0.08236 0.16786 0.25336 
-0.25964 -0.17414 -0.08864 -0.00314 0.08236 0.16786 0.25336 
-0.25964 -0.17414 -0.08864 -0.00314 0.08236 0.16786 0.25336 
-0.25964 -0.17414 -0.08864 -0.00314 0.08236 0.16786 0.25336 
-0.25964 -0.17414 -0.08864 -0.00314 0.08236 0.16786 0.25336 
-0.25964 -0.17414 -0.08864 -0.00314 0.08236 0.16786 0.25336 
-0.25964 -0.17414 -0.08864 -0.00314 0.08236 0.16786 0.25336 
-0.25964 -0.17414 -0.08864 -0.00314 0.08236 0.16786 0.25336 
-0.25964 -0.17414 -0.08864 -0.00314 0.08236 0.16786 0.25336 
-0.25964 -0.17414 -0.08864 -0.00314 0.08236 0.16786 0.25336 

# bb.sh.ypos = 
# -0.2565 -0.171 -0.0855 0 0.0855 0.171 0.2565 
# -0.2565 -0.171 -0.0855 0 0.0855 0.171 0.2565 
# -0.2565 -0.171 -0.0855 0 0.0855 0.171 0.2565 
# -0.2565 -0.171 -0.0855 0 0.0855 0.171 0.2565 
# -0.2565 -0.171 -0.0855 0 0.0855 0.171 0.2565 
# -0.2565 -0.171 -0.0855 0 0.0855 0.171 0.2565 
# -0.2565 -0.171 -0.0855 0 0.0855 0.171 0.2565 
# -0.2565 -0.171 -0.0855 0 0.0855 0.171 0.2565 
# -0.2565 -0.171 -0.0855 0 0.0855 0.171 0.2565 
# -0.2565 -0.171 -0.0855 0 0.0855 0.171 0.2565 
# -0.2565 -0.171 -0.0855 0 0.0855 0.171 0.2565 
# -0.2565 -0.171 -0.0855 0 0.0855 0.171 0.2565 
# -0.2565 -0.171 -0.0855 0 0.0855 0.171 0.2565 
# -0.2565 -0.171 -0.0855 0 0.0855 0.171 0.2565 
# -0.2565 -0.171 -0.0855 0 0.0855 0.171 0.2565 
# -0.2565 -0.171 -0.0855 0 0.0855 0.171 0.2565 
# -0.2565 -0.171 -0.0855 0 0.0855 0.171 0.2565 
# -0.2565 -0.171 -0.0855 0 0.0855 0.171 0.2565 
# -0.2565 -0.171 -0.0855 0 0.0855 0.171 0.2565 
# -0.2565 -0.171 -0.0855 0 0.0855 0.171 0.2565 
# -0.2565 -0.171 -0.0855 0 0.0855 0.171 0.2565 
# -0.2565 -0.171 -0.0855 0 0.0855 0.171 0.2565 
# -0.2565 -0.171 -0.0855 0 0.0855 0.171 0.2565 
# -0.2565 -0.171 -0.0855 0 0.0855 0.171 0.2565 
# -0.2565 -0.171 -0.0855 0 0.0855 0.171 0.2565 
# -0.2565 -0.171 -0.0855 0 0.0855 0.171 0.2565 
# -0.2565 -0.171 -0.0855 0 0.0855 0.171 0.2565 

## Size
bb.sh.size   =  0.595 2.295 0.37 # in meters

## Number of rows and columns
bb.sh.ncols =  7
bb.sh.nrows = 27

## Position of first module
bb.sh.xyz    =   1.105 0.255  0.000
## Space between modules
bb.sh.dxdydz =   0.085  .085  0.000

## Ratio of the signal amplitude at the input of 
## Discriminator to the signal amplitude at FADC
bb.sh.trigtoFADCratio = 0.99 1.01 0.97 1.00 0.97 0.99 0.97
		        1.01 1.02 0.99 1.05 1.03 0.99 1.03
			1.04 1.01 1.00 1.04 1.00 1.00 1.01
			1.05 1.07 1.03 1.08 1.07 1.08 1.08
			0.94 0.98 0.96 0.98 0.95 0.98 0.98
			1.02 1.06 1.06 1.07 1.05 1.05 1.06
			1.34 1.37 1.32 1.37 1.33 1.31 1.33
			1.34 1.41 1.38 1.44 1.40 1.42 1.43
			0.98 1.01 0.96 1.03 0.96 0.96 0.97
			0.99 1.02 1.03 1.02 1.03 1.05 1.05
			1.00 1.00 0.99 1.00 0.98 0.98 0.99
			1.00 1.02 1.01 1.03 1.01 1.02 1.03
			0.99 1.00 0.97 0.99 0.97 0.99 0.97
			1.00 1.03 1.00 1.05 1.05 1.01 1.04
			0.97 1.00 0.94 1.01 0.95 0.96 0.95
			0.99 1.05 1.03 1.06 1.04 1.04 1.06
			1.00 1.01 1.04 0.98 0.96 0.96 0.97
			1.02 1.04 1.03 1.07 1.05 1.06 1.05
			1.00 1.00 1.00 1.03 0.98 1.00 0.97
			0.98 1.03 1.06 1.01 1.02 1.04 1.09
			1.01 1.02 0.99 1.04 0.97 0.99 1.00
			1.02 1.02 1.07 1.08 1.03 1.05 1.09
			1.02 1.06 0.90 1.05 1.01 0.99 1.01
			1.04 1.09 1.07 1.10 1.07 1.07 1.12
			1.03 1.04 1.02 1.04 1.02 1.00 0.99
			1.03 1.03 1.06 1.04 1.10 1.09 1.11
			1.06 1.09 1.09 1.11 1.11 1.23 1.22


## emin
bb.sh.emin= 0.02 #GeV
bb.sh.Rmax_dis = 0.15 #m, Search radius for cluster 

# Preparing for beam. Amplitudes at trigger aligned to 20mV with cosmic.
-------[ 2021-10-11 16:00:00 ]

## Amplitude to Integral Ratios (Calculated from run 10983 (cosmic))
bb.sh.adc.AmpToIntRatio = 
1.91045 1.92823 1.93738 2.05116 2.04158 2.03978 1.89823 
1.98187 1.98483 1.91742 1.91674 1.91747 1.95895 1.96838 
1.95195 1.87745 2.04764 2.06533 2.0178 2.09711 1.98548 
1.91138 2.05043 1.88458 2.02772 1.82308 1.80211 1.90983 
1.99302 1.97211 1.86175 1.9588 1.98096 1.88447 2.0099 
1.93731 1.94364 1.89963 1.96734 1.98736 1.9058 1.94289 
2.08077 2.0983 2.08142 2.00517 2.12949 2.04151 2.06986 
1.92631 2.07614 2.09153 1.91763 2.0652 2.15943 1.98846 
1.90482 1.99854 1.88808 1.98761 2.02041 1.90087 2.00144 
2.0003 1.92216 1.96104 1.92183 1.91058 1.88495 1.94039 
2.00827 1.99662 1.99169 1.99094 1.96585 1.97249 1.91205 
1.9309 2.01341 1.9303 2.01713 2.0699 2.01037 2.00957 
1.95419 2.04462 1.97414 1.95024 1.91514 1.92446 1.89671 
1.91313 1.86441 1.96162 1.93817 1.94307 2.06007 1.94722 
1.98867 1.92848 1.91004 1.93254 1.97912 2.00364 1.99871 
1.96392 1.91715 1.91236 2.03911 1.93573 1.95468 1.87865 
1.88377 1.96877 2.12154 1.9243 1.915 2.02324 1.91811 
2.02649 1.95718 2.0055 1.88881 2.01852 1.97509 2.0299 
1.89504 2.04519 1.90216 1.99129 2.00546 2.04656 1.97446 
1.95353 1.92166 1.99775 1.94255 1.96814 1.95545 1.94306 
1.91054 1.9325 2.03632 1.92799 2.11258 1.93706 1.9239 
1.92761 1.93989 1.95852 1.91367 1.91994 1.9794 1.88654 
1.96802 1.91872 1.95896 1.97259 2.00339 1.9168 1.95549 
1.97666 2.01763 1.80306 1.83473 1.82994 1.88329 1.87679 
1.83454 1.82402 1.8249 1.80027 1.85908 1.84098 1.85429 
1.81821 1.88136 1.83238 1.86906 1.81279 1.83859 1.82661 
1.83619 1.85405 1.79456 1.82089 1.8354 1.81337 1.80125 

## Gain factor for energy calibration using cosmic: GeV/pC 
## Asuming trigger amplitudes are aligned to 20mV
bb.sh.adc.gain = 
0.00693493 0.00699947 0.00703269 0.00744571 0.00741094 0.0074044 0.00689057 
0.00719419 0.00720493 0.00696023 0.00695777 0.00696042 0.00711099 0.00714522 
0.00708558 0.00681514 0.00743293 0.00749715 0.00732461 0.00761251 0.00720729 
0.00693831 0.00744306 0.00684103 0.00736062 0.00661778 0.00654166 0.00693268 
0.00723466 0.00715876 0.00675815 0.00711044 0.00719088 0.00684063 0.00729594 
0.00703244 0.00705541 0.00689566 0.00714144 0.00721412 0.00691805 0.00705269 
0.0075532 0.00761683 0.00755555 0.00727877 0.00773005 0.00741068 0.00751359 
0.00699251 0.00753639 0.00759225 0.006961 0.00749668 0.00783873 0.00721811 
0.0069145 0.0072547 0.00685373 0.00721502 0.00733409 0.00690016 0.00726523 
0.00726109 0.00697744 0.00711858 0.00697624 0.00693541 0.00684237 0.00704362 
0.00729002 0.00724773 0.00722983 0.00722711 0.00713604 0.00716014 0.00694074 
0.00700917 0.00730868 0.00700699 0.00732218 0.00751374 0.00729764 0.00729474 
0.00709371 0.00742197 0.00716613 0.00707937 0.00695196 0.00698579 0.00688506 
0.00694466 0.00676781 0.00712068 0.00703556 0.00705334 0.00747805 0.00706841 
0.00721887 0.00700038 0.00693345 0.00701512 0.00718421 0.00727321 0.00725532 
0.00712903 0.00695925 0.00694187 0.00740197 0.0070267 0.00709549 0.0068195 
0.00683809 0.00714664 0.00770119 0.00698521 0.00695145 0.00734436 0.00696274 
0.00735616 0.00710456 0.00727996 0.00685638 0.00732723 0.00716958 0.00736854 
0.006879 0.00742404 0.00690484 0.00722838 0.00727982 0.00742901 0.00716729 
0.00709131 0.00697563 0.00725183 0.00705146 0.00714435 0.00709828 0.00705331 
0.00693526 0.00701497 0.00739184 0.0069986 0.00766867 0.00703153 0.00698376 
0.00699722 0.0070418 0.00710943 0.00694662 0.00696938 0.00718522 0.00684814 
0.00714391 0.00696495 0.00711102 0.0071605 0.00727231 0.00695798 0.00709843 
0.00717528 0.007324 0.00654511 0.00666007 0.00664268 0.00683634 0.00681275 
0.00665938 0.00662119 0.00662439 0.00653498 0.00674846 0.00668276 0.00673107 
0.0066001 0.00682934 0.00665154 0.00678469 0.00658043 0.00667408 0.00663059 
0.00666537 0.0067302 0.00651425 0.00660983 0.0066625 0.00658253 0.00653854 

# Calibration done with LH2 data for 100% SBS field. SBS-1
-------[ 2021-10-15 16:00:00 ]
bb.sh.adc.gain =
0.00750807 0.00757794 0.0076139 0.00806106 0.00802341 0.00801634 0.00746004 
0.00778836 0.00780038 0.00753546 0.00753279 0.00753526 0.00769867 0.00773573 
0.00767116 0.00737838 0.00804723 0.00811675 0.00792995 0.00824164 0.00780294 
0.00751172 0.00805784 0.00740667 0.00796894 0.0071647 0.00708229 0.00750563 
0.00783257 0.00775039 0.00731668 0.00769808 0.00778517 0.00740597 0.00789891 
0.00761363 0.00763851 0.00746555 0.00773165 0.00781032 0.00748979 0.00763528 
0.00817743 0.00824632 0.00817998 0.00788032 0.0083689 0.00802313 0.00813455 
0.00757012 0.00815923 0.00821971 0.00753629 0.00811624 0.00848656 0.00781504 
0.00748559 0.00785426 0.00742015 0.00781131 0.00794021 0.00747042 0.00786566 
0.00786181 0.00755409 0.00770689 0.00755279 0.00750858 0.00740829 0.00762573 
0.0078925 0.00784672 0.00782734 0.00782439 0.00772579 0.00775189 0.00751404 
0.00758844 0.0079127 0.00758635 0.00792732 0.00813471 0.00790075 0.00789761 
0.00767997 0.00803477 0.00775837 0.00766444 0.0075265 0.00756313 0.00745407 
0.0075186 0.00732713 0.00770917 0.00761701 0.00763627 0.00809608 0.00765257 
0.00781547 0.00757893 0.00534937 0.0100172 0.00777794 0.00787431 0.00785493 
0.00771821 0.00772788 0.00740956 0.0080137 0.00760742 0.00768189 0.00738309 
0.00740322 0.00773727 0.00833765 0.0075625 0.00752595 0.00795133 0.00753817 
0.00796411 0.00801155 0.00805964 0.00742302 0.00793278 0.0077621 0.00797751 
0.00744751 0.0080376 0.00747521 0.00782577 0.00788146 0.00804298 0.00775978 
0.00767737 0.00755181 0.00785116 0.00763422 0.00773479 0.00768492 0.00763623 
0.00750842 0.00759473 0.00800274 0.007577 0.00830244 0.00761265 0.00756093 
0.00757551 0.00762377 0.00769726 0.00752092 0.00754536 0.00777904 0.0074141 
0.00773432 0.00754084 0.00769871 0.00775248 0.00787352 0.00753302 0.00768508 
0.00776847 0.00792929 0.00708603 0.00721045 0.00719166 0.00740133 0.00737578 
0.00720974 0.0071684 0.00717186 0.00707506 0.00730618 0.00723505 0.00728736 
0.00714557 0.00739374 0.00720125 0.00734541 0.00712426 0.00722566 0.00717858 
0.00721623 0.00728642 0.00705211 0.0071561 0.00721312 0.00712654 0.00707891 

# Calibration done with LH2 data for 50% SBS field. SBS-1
-------[ 2021-10-16 17:50:00 ]
bb.sh.adc.gain =
0.00733613 0.0074044 0.00743954 0.00787645 0.00783967 0.00783276 0.0072892 
0.00761 0.00762175 0.00736289 0.00736028 0.0073627 0.00752237 0.00755858 
0.00749549 0.00720941 0.00786294 0.00793087 0.00774835 0.0080529 0.00762424 
0.0073397 0.00787331 0.00723706 0.00778644 0.00700063 0.0069201 0.00733375 
0.0076532 0.0075729 0.00714912 0.00752179 0.00760689 0.00723636 0.00771802 
0.00743927 0.00746358 0.00729458 0.00755459 0.00763146 0.00731827 0.00746043 
0.00799016 0.00805747 0.00799265 0.00769985 0.00817724 0.0078394 0.00794826 
0.00739676 0.00797238 0.00803148 0.0073637 0.00793037 0.00829221 0.00763607 
0.00731416 0.00914506 0.00737492 0.00763242 0.00775837 0.00729934 0.00768553 
0.00687459 0.00686371 0.00770562 0.00744585 0.00765235 0.00709467 0.0074511 
0.00672891 0.00782592 0.00742084 0.00765812 0.00773134 0.00783831 0.00734196 
0.00615598 0.0075253 0.00739816 0.00733856 0.00832731 0.00657118 0.00481641 
0.00490281 0.0073436 0.00787942 0.00734107 0.00680629 0.00674436 0.00503067 
0.00741737 0.00796213 0.00736136 0.00727196 0.0076765 0.0078652 0.00747732 
0.00623504 0.00718194 0.0067636 0.00631363 0.00692328 0.0063373 0.00570409 
0.0054763 0.00616123 0.00609165 0.00735119 0.00648699 0.00625391 0.00434837 
0.00476266 0.00686483 0.00688978 0.00719883 0.00698739 0.00719934 0.00582735 
0.00569617 0.00684103 0.00691474 0.00621722 0.00660008 0.00708774 0.00648673 
0.00560329 0.00641489 0.00699317 0.00678282 0.00757532 0.00685959 0.00570771 
0.00579264 0.00737315 0.0063946 0.00690172 0.00654318 0.00737797 0.00746135 
0.00606079 0.00703902 0.00698465 0.00655275 0.00765061 0.00766318 0.00738778 
0.00559022 0.00668175 0.00657502 0.0063894 0.00662313 0.00701706 0.00724431 
0.0064941 0.00653726 0.00691623 0.00576842 0.00713102 0.00688169 0.00750908 
0.00759057 0.00766337 0.0066128 0.00679591 0.00737753 0.00833456 0.00720687 
0.00704463 0.00700424 0.00700762 0.00691304 0.00713887 0.00706936 0.00712047 
0.00698193 0.00722442 0.00703634 0.00717719 0.00696111 0.00706019 0.00701418 
0.00705097 0.00711955 0.00689061 0.00699222 0.00704794 0.00696334 0.0069168 

# Calibration done with LH2 data for -25% SBS field. SBS-1
-------[ 2021-10-17 12:00:00 ]
bb.sh.adc.gain =
0.00785195 0.00792503 0.00796263 0.00843027 0.00839089 0.0083835 0.00780173 
0.00814507 0.00815765 0.0078806 0.0078778 0.00788039 0.00805128 0.00809004 
0.00802251 0.00771632 0.0084158 0.00848851 0.00829316 0.00861912 0.00816032 
0.00785577 0.0084269 0.00774591 0.00833393 0.00749286 0.00740667 0.0078494 
0.00819131 0.00810537 0.00765179 0.00805067 0.00814175 0.00774517 0.00826069 
0.00796234 0.00798836 0.00780748 0.00808577 0.00816805 0.00783284 0.00798499 
0.00855196 0.00862401 0.00855464 0.00824125 0.0087522 0.00839061 0.00850712 
0.00791685 0.00853294 0.00859619 0.00788146 0.00848797 0.00887526 0.00817298 
0.00782844 0.008214 0.00776001 0.00816908 0.00830389 0.00781258 0.00822592 
0.00822189 0.0115397 0.00814494 0.00835473 0.00785248 0.0077476 0.007975 
0.00825399 0.00903119 0.00895007 0.00643468 0.00809735 0.00810693 0.0078582 
0.007936 0.00827512 0.00679234 0.00731078 0.0111829 0.00826262 0.00825933 
0.00803172 0.00794871 0.00604094 0.00584961 0.00534207 0.00790953 0.00779548 
0.00786296 0.00753717 0.00729991 0.00514779 0.00512803 0.00846689 0.00800307 
0.00817343 0.00607744 0.00694069 0.00577318 0.00481981 0.00823496 0.0082147 
0.00807171 0.00563456 0.0078598 0.00838074 0.0151685 0.00803373 0.00772125 
0.00774229 0.00809164 0.00871953 0.00790887 0.00787065 0.00831552 0.00788343 
0.00832887 0.00804401 0.00824261 0.00776301 0.00829612 0.00811762 0.00834289 
0.00778861 0.00840573 0.00781759 0.0081842 0.00824244 0.00841136 0.0081152 
0.00802901 0.00789769 0.00821075 0.00798388 0.00808906 0.0080369 0.00798598 
0.00785232 0.00794258 0.00836928 0.00792404 0.0086827 0.00796132 0.00790723 
0.00792248 0.00797295 0.0080498 0.00786539 0.00789095 0.00813533 0.00775368 
0.00808856 0.00788623 0.00805133 0.00810755 0.00823414 0.00787805 0.00803706 
0.00812428 0.00829246 0.00741058 0.0075407 0.00752105 0.00774032 0.00771361 
0.00753996 0.00749672 0.00750034 0.00739911 0.00764082 0.00756643 0.00762113 
0.00747284 0.00773239 0.00753108 0.00768184 0.00745057 0.0075566 0.00750737 
0.00754674 0.00762015 0.00737511 0.00748386 0.00754349 0.00745295 0.00740314 

# Calibration done with LH2 data for 0 SBS field. SBS-1
-------[ 2021-10-17 18:00:00 ]
bb.sh.adc.gain =
0.00693493 0.00699947 0.00703269 0.00744571 0.00741094 0.0074044 0.00689057 
0.00719383 0.00720493 0.00696023 0.00695777 0.00696005 0.00711099 0.00714522 
0.00708558 0.00681514 0.00743293 0.00749715 0.00732461 0.00761251 0.00720729 
0.00693831 0.00744273 0.00684128 0.00736062 0.00661778 0.00654166 0.00693268 
0.00723466 0.00715876 0.00675815 0.00711044 0.00719088 0.00684063 0.00729594 
0.00703244 0.00705541 0.00689566 0.00714144 0.00721412 0.00691805 0.00705244 
0.0075532 0.00761683 0.00755555 0.00727877 0.00773005 0.00741068 0.00751359 
0.00699225 0.00753639 0.00759225 0.006961 0.00749668 0.00783873 0.00721847 
0.00691417 0.00797063 0.00685373 0.00721502 0.00733409 0.00690016 0.00726523 
0.00684867 0.00715251 0.00660774 0.00722688 0.00779227 0.00811409 0.00704362 
0.0069177 0.00787443 0.00832013 0.00685435 0.0070133 0.0078889 0.00694045 
0.00702831 0.00756069 0.00748082 0.00730119 0.00740443 0.00735904 0.00729474 
0.00730504 0.00743049 0.0069519 0.00782186 0.00712576 0.00707665 0.00688506 
0.00694466 0.00798843 0.00752553 0.0061814 0.00719511 0.00772675 0.00706841 
0.00589237 0.00639736 0.00686542 0.00608652 0.00658207 0.00618452 0.00698662 
0.00576159 0.00597136 0.00642878 0.00702288 0.00641668 0.00642128 0.00649166 
0.00561137 0.00708944 0.00677798 0.00696453 0.00712237 0.00737538 0.00696274 
0.00592342 0.00706574 0.00680957 0.00608211 0.00625734 0.00794128 0.00736854 
0.00625891 0.0067738 0.00714446 0.00667198 0.00740915 0.00739117 0.00716743 
0.00709131 0.00795942 0.0061156 0.00695656 0.00647656 0.00745787 0.00705331 
0.00693526 0.00736274 0.00647484 0.00620836 0.00706527 0.00738219 0.00698376 
0.00699722 0.00707761 0.00663078 0.00604245 0.00603146 0.00789262 0.00684814 
0.00714391 0.00700505 0.00632089 0.00700729 0.0107804 0.00695798 0.00709843 
0.00717546 0.007324 0.00654511 0.00666003 0.00664268 0.00683634 0.00681275 
0.00665938 0.00662119 0.00662439 0.00653498 0.00674846 0.00668276 0.00673107 
0.0066001 0.00682934 0.00665154 0.00678469 0.00658043 0.00667408 0.00663059 
0.00666537 0.0067302 0.00651378 0.00660983 0.0066625 0.00658253 0.00653854 

# Calibration done with LH2 data for 25% SBS field. SBS-1
-------[ 2021-10-18 00:00:00 ]
bb.sh.adc.gain =
0.00727881 0.00734656 0.00738142 0.00781492 0.00777842 0.00777156 0.00723226
0.00755054 0.0075622 0.00730537 0.00730278 0.00730518 0.0074636 0.00749953 
0.00743693 0.00715308 0.00780151 0.00786891 0.00768782 0.00798999 0.00756468 
0.00728236 0.0078118 0.00718052 0.00772561 0.00694593 0.00686604 0.00727645 
0.00759341 0.00751374 0.00709327 0.00746303 0.00754746 0.00717983 0.00765772 
0.00738115 0.00740527 0.00723759 0.00749557 0.00757184 0.0072611 0.00740214 
0.00792773 0.00799452 0.00793021 0.0076397 0.00811336 0.00777815 0.00788617 
0.00733897 0.00791009 0.00796873 0.00730617 0.00786841 0.00822743 0.00757641 
0.00725702 0.00887944 0.00716357 0.010659 0.00769776 0.00724231 0.00762549 
0.00743038 0.00703158 0.00718201 0.00717325 0.00800817 0.00781866 0.00739289 
0.00726537 0.00787514 0.00784425 0.00748217 0.00772756 0.00791801 0.00728461 
0.00647742 0.007561 0.00752661 0.00748596 0.00803713 0.00694717 0.00659617 
0.00680223 0.0076141 0.00735159 0.00763172 0.00682371 0.00708643 0.00586815 
0.00786609 0.00798643 0.00763934 0.00695281 0.00776813 0.00762522 0.00726895 
0.00609864 0.00675734 0.00675993 0.00609001 0.00671619 0.00620063 0.00638306 
0.00511323 0.00613679 0.00575345 0.00737861 0.00644194 0.00630766 0.00570101 
0.00559961 0.00690422 0.00690489 0.00716479 0.0071674 0.00720378 0.00606108 
0.00613825 0.00684913 0.00675925 0.00611281 0.00655085 0.00729801 0.00646268 
0.00581667 0.00646675 0.00703363 0.00677132 0.00747145 0.00688346 0.00684114 
0.00621031 0.00752327 0.006057 0.00680512 0.0063104 0.00748064 0.00740306 
0.00727916 0.00745134 0.00684448 0.00628265 0.00752997 0.00776229 0.00733006 
0.00734419 0.0072556 0.00665947 0.00643717 0.00661022 0.00670308 0.00713363 
0.00749816 0.00702123 0.00681371 0.00580482 0.00709391 0.00702916 0.00745042 
0.00753127 0.00756432 0.00674299 0.00670091 0.00772802 0.00850275 0.00715057 
0.0069896 0.00694952 0.00695287 0.00685903 0.00708309 0.00701413 0.00706484 
0.00692738 0.00716798 0.00698137 0.00712112 0.00690673 0.00700503 0.00695938 
0.00699588 0.00706393 0.00683678 0.00693759 0.00699287 0.00690894 0.00686276 

# Configuration Change [SBS-1 -> SBS-4]
-------[ 2021-10-18 05:30:00 ]
bb.sh.adc.gain =
0.00693493 0.00699947 0.00703269 0.00744571 0.00741094 0.0074044 0.00689057 
0.00719419 0.00720493 0.00696023 0.00695777 0.00696042 0.00711099 0.00714522 
0.00708558 0.00681514 0.00743293 0.00749715 0.00732461 0.00761251 0.00720729 
0.00693831 0.00744306 0.00684103 0.00736062 0.00661778 0.00654166 0.00693268 
0.00723466 0.00715876 0.00675815 0.00711044 0.00719088 0.00684063 0.00729594 
0.00703244 0.00705541 0.00689566 0.00714144 0.00721412 0.00691805 0.00705269 
0.0075532 0.00761683 0.00755555 0.00727877 0.00773005 0.00741068 0.00751359 
0.00699251 0.00753639 0.00759225 0.006961 0.00749668 0.00783873 0.00721811 
0.0069145 0.0072547 0.00685373 0.00721502 0.00733409 0.00690016 0.00726523 
0.00726109 0.00697744 0.00711858 0.00697624 0.00693541 0.00684237 0.00704362 
0.00729002 0.00724773 0.00722983 0.00722711 0.00713604 0.00716014 0.00694074 
0.00700917 0.00730868 0.00700699 0.00732218 0.00751374 0.00729764 0.00729474 
0.00709371 0.00742197 0.00716613 0.00707937 0.00695196 0.00698579 0.00688506 
0.00694466 0.00676781 0.00712068 0.00703556 0.00705334 0.00747805 0.00706841 
0.00721887 0.00700038 0.00693345 0.00701512 0.00718421 0.00727321 0.00725532 
0.00712903 0.00695925 0.00694187 0.00740197 0.0070267 0.00709549 0.0068195 
0.00683809 0.00714664 0.00770119 0.00698521 0.00695145 0.00734436 0.00696274 
0.00735616 0.00710456 0.00727996 0.00685638 0.00732723 0.00716958 0.00736854 
0.006879 0.00742404 0.00690484 0.00722838 0.00727982 0.00742901 0.00716729 
0.00709131 0.00697563 0.00725183 0.00705146 0.00714435 0.00709828 0.00705331 
0.00693526 0.00701497 0.00739184 0.0069986 0.00766867 0.00703153 0.00698376 
0.00699722 0.0070418 0.00710943 0.00694662 0.00696938 0.00718522 0.00684814 
0.00714391 0.00696495 0.00711102 0.0071605 0.00727231 0.00695798 0.00709843 
0.00717528 0.007324 0.00654511 0.00666007 0.00664268 0.00683634 0.00681275 
0.00665938 0.00662119 0.00662439 0.00653498 0.00674846 0.00668276 0.00673107 
0.0066001 0.00682934 0.00665154 0.00678469 0.00658043 0.00667408 0.00663059 
0.00666537 0.0067302 0.00651425 0.00660983 0.0066625 0.00658253 0.00653854 

# Calibration done with LH2 data for 30% SBS field. SBS-4
#-------[ 2021-10-21 06:30:00 ]
#bb.sh.adc.gain =

# Calibration done with LH2 data for 0 SBS field. SBS-4
#-------[ 2021-10-23 23:30:00 ]
#bb.sh.adc.gain =

# Calibration done with LH2 data for 50% SBS field. SBS-4
#-------[ 2021-10-24 10:30:00 ]
#bb.sh.adc.gain =

# Calibration done with LH2 data for 30% SBS field. SBS-4
#-------[ 2021-10-25 01:00:00 ]
#bb.sh.adc.gain =

# Configuration Change [SBS-4 -> SBS-5]
## Gain factor for energy calibration using cosmic: GeV/pC 
# Asuming trigger amplitudes are aligned to 20mV (Run used 10983 (cosmic))
-------[ 2021-10-25 08:00:00 ]
bb.sh.adc.gain =
0.00693493 0.00699947 0.00703269 0.00744571 0.00741094 0.0074044 0.00689057 
0.00719419 0.00720493 0.00696023 0.00695777 0.00696042 0.00711099 0.00714522 
0.00708558 0.00681514 0.00743293 0.00749715 0.00732461 0.00761251 0.00720729 
0.00693831 0.00744306 0.00684103 0.00736062 0.00661778 0.00654166 0.00693268 
0.00723466 0.00715876 0.00675815 0.00711044 0.00719088 0.00684063 0.00729594 
0.00703244 0.00705541 0.00689566 0.00714144 0.00721412 0.00691805 0.00705269 
0.0075532 0.00761683 0.00755555 0.00727877 0.00773005 0.00741068 0.00751359 
0.00699251 0.00753639 0.00759225 0.006961 0.00749668 0.00783873 0.00721811 
0.0069145 0.0072547 0.00685373 0.00721502 0.00733409 0.00690016 0.00726523 
0.00726109 0.00697744 0.00711858 0.00697624 0.00693541 0.00684237 0.00704362 
0.00729002 0.00724773 0.00722983 0.00722711 0.00713604 0.00716014 0.00694074 
0.00700917 0.00730868 0.00700699 0.00732218 0.00751374 0.00729764 0.00729474 
0.00709371 0.00742197 0.00716613 0.00707937 0.00695196 0.00698579 0.00688506 
0.00694466 0.00676781 0.00712068 0.00703556 0.00705334 0.00747805 0.00706841 
0.00721887 0.00700038 0.00693345 0.00701512 0.00718421 0.00727321 0.00725532 
0.00712903 0.00695925 0.00694187 0.00740197 0.0070267 0.00709549 0.0068195 
0.00683809 0.00714664 0.00770119 0.00698521 0.00695145 0.00734436 0.00696274 
0.00735616 0.00710456 0.00727996 0.00685638 0.00732723 0.00716958 0.00736854 
0.006879 0.00742404 0.00690484 0.00722838 0.00727982 0.00742901 0.00716729 
0.00709131 0.00697563 0.00725183 0.00705146 0.00714435 0.00709828 0.00705331 
0.00693526 0.00701497 0.00739184 0.0069986 0.00766867 0.00703153 0.00698376 
0.00699722 0.0070418 0.00710943 0.00694662 0.00696938 0.00718522 0.00684814 
0.00714391 0.00696495 0.00711102 0.0071605 0.00727231 0.00695798 0.00709843 
0.00717528 0.007324 0.00654511 0.00666007 0.00664268 0.00683634 0.00681275 
0.00665938 0.00662119 0.00662439 0.00653498 0.00674846 0.00668276 0.00673107 
0.0066001 0.00682934 0.00665154 0.00678469 0.00658043 0.00667408 0.00663059 
0.00666537 0.0067302 0.00651425 0.00660983 0.0066625 0.00658253 0.00653854

## Configuration Change [SBS-4 -> SBS-7] : Reviving from Magnet disaster
# Gain factor for energy calibration using cosmic: GeV/pC
# Asuming trigger amplitudes are aligned to 25mV (Run used : 11870 (cosmic))
-------[ 2021-11-08 17:00:00 ]
bb.sh.adc.gain =
0.00550816 0.00545972 0.00546158 0.00579034 0.00583832 0.00584924 0.00570192 
0.00573084 0.00577248 0.00549745 0.00563803 0.00559334 0.0057444 0.00558323 
0.00565296 0.00535724 0.00599322 0.00608173 0.00580417 0.00615709 0.00557629 
0.00552988 0.00600387 0.00556534 0.00587674 0.00533334 0.0053537 0.00553055 
0.00578698 0.00568414 0.0053992 0.00566024 0.00562711 0.00547886 0.00576761 
0.00560376 0.00563254 0.00559264 0.00582342 0.00564009 0.00553833 0.00567151 
0.00617129 0.00612465 0.00588809 0.00557292 0.00627252 0.00596557 0.00572158 
0.00558085 0.00611954 0.0061681 0.00543864 0.00609404 0.00628765 0.0058328 
0.00555611 0.00583817 0.00550305 0.00585856 0.00592767 0.00556374 0.00577423 
0.00591191 0.00559223 0.00575195 0.00567924 0.00564758 0.00559299 0.0055604 
0.00593676 0.00587674 0.00590284 0.00586332 0.00579133 0.00581561 0.00554112 
0.00568568 0.00594475 0.00568464 0.00593592 0.0061011 0.00594243 0.0059196 
0.00578549 0.00599101 0.00582043 0.00577518 0.00565571 0.00568429 0.00548278 
0.0056445 0.00548769 0.00579961 0.00570215 0.00570926 0.00609053 0.00547802 
0.00585693 0.00567825 0.00564935 0.00571455 0.00581994 0.00592419 0.00584747 
0.00577338 0.00566774 0.00568789 0.00601259 0.00569323 0.00577466 0.00552701 
0.00552259 0.00580109 0.00623567 0.00569866 0.00563783 0.00596322 0.00560855 
0.00597815 0.00578044 0.00591205 0.00553087 0.00596168 0.00584616 0.00601474 
0.00556714 0.00602414 0.0056247 0.00585429 0.00589225 0.00605751 0.00578651 
0.0057228 0.00568565 0.00588806 0.00572942 0.00579148 0.00574071 0.00563922 
0.00533822 0.00551507 0.00591484 0.00559354 0.00617068 0.00564349 0.00543547 
0.00555556 0.0056265 0.00564578 0.00557876 0.0056612 0.00584282 0.00542447 
0.00569843 0.00557214 0.00576534 0.00582298 0.00588559 0.00565513 0.00570229 
0.00570738 0.00581953 0.0052793 0.00538506 0.00537475 0.00543806 0.00541599 
0.00544233 0.00533639 0.00539865 0.00529611 0.0055275 0.00544268 0.00548176 
0.00533285 0.00554905 0.00545662 0.00554411 0.00534054 0.00544091 0.00539168 
0.00542943 0.00548447 0.00533395 0.00537896 0.00538021 0.00538982 0.00526585 

## Gain factor for energy calibration using cosmic with BB (100%) and 
## SBS (85%) magnets ON: GeV/pC
## Asuming trigger amplitudes are aligned to 15mV (Run used : 11955 (cosmic))
## *** Starting of SBS-7 Configuration ***
-------[ 2021-11-13 7:35:00 ]
bb.sh.adc.gain =
0.00982544 0.00954864 0.00978764 0.0094757 0.00983972 0.00976949 0.00906697 
0.0091446 0.0088392 0.00914871 0.00893938 0.00919595 0.00978967 0.00905424 
0.00964312 0.00912534 0.0100808 0.00992302 0.00996411 0.0102514 0.00900593 
0.00874617 0.0102293 0.0086922 0.0100246 0.00913957 0.0086349 0.00905332 
0.00953344 0.00985666 0.009196 0.00965783 0.00961389 0.00919673 0.0093866 
0.00928041 0.00950847 0.009267 0.00965115 0.0101184 0.00927683 0.00926763 
0.0101035 0.00982796 0.0100193 0.0097585 0.0103109 0.0100269 0.00937014 
0.009314 0.0102889 0.0102064 0.00953228 0.00995041 0.0101119 0.00934444 
0.00919184 0.00994533 0.00930006 0.00975536 0.00994402 0.00926139 0.00909107 
0.00967622 0.00935064 0.00940117 0.00941535 0.00923399 0.00939894 0.00892903 
0.00992369 0.00988096 0.0100191 0.00948045 0.0094076 0.00976175 0.0092037 
0.00931932 0.0098963 0.00949782 0.00986218 0.0101813 0.00978358 0.0101289 
0.00933409 0.00988343 0.00964917 0.00969965 0.00948538 0.00921749 0.00927465 
0.00934197 0.00910651 0.00969568 0.00946341 0.00954385 0.010012 0.00904369 
0.00966204 0.00946733 0.00941061 0.00957008 0.00972671 0.00986987 0.0100937 
0.00962105 0.00944628 0.00937513 0.00999102 0.00948872 0.00970827 0.00924764 
0.00920428 0.0096633 0.0103634 0.00950784 0.00942319 0.00989688 0.00927901 
0.00969152 0.00962812 0.00990099 0.0092641 0.00998908 0.00970909 0.00997447 
0.00909833 0.0100039 0.00934681 0.00988464 0.009813 0.0100669 0.00960183 
0.00974936 0.00950034 0.00977786 0.00954056 0.00967105 0.00960687 0.00892951 
0.00936617 0.00952226 0.00992026 0.0095468 0.0103497 0.00939536 0.00962686 
0.00914499 0.00948025 0.00967448 0.00949927 0.0094275 0.00964331 0.0091583 
0.0096239 0.00954259 0.0097283 0.0094697 0.00967932 0.00939855 0.00967468 
0.00947062 0.00995191 0.00897738 0.00916217 0.00912727 0.00920815 0.00922867 
0.00919222 0.0091144 0.00907519 0.00903764 0.00899233 0.00909155 0.00868204 
0.00916043 0.0091658 0.00923491 0.00938607 0.00912814 0.00921357 0.00883847 
0.00925108 0.00944274 0.00926178 0.0092082 0.00915844 0.00922431 0.00898444 
