0 6.80578 0.236216
1 6.56473 0.139089
2 6.58661 0.154132
3 6.94047 0.184843
4 6.65895 0.189035
5 6.47198 0.233651
6 6.24005 0.217506
7 7.0265 0.117972
8 6.23716 0.109678
9 6.771 0.107789
10 7.01801 0.101535
11 7.06802 0.0994543
12 6.89962 0.110844
13 6.50127 0.138447
14 6.97275 0.131634
15 7.10003 0.0963121
16 7.52817 0.132253
17 6.29441 0.113126
18 6.54371 0.120975
19 6.89442 0.142572
20 6.16095 0.128735
21 7.18239 0.13013
22 6.60513 0.129351
23 6.91776 0.0865396
24 6.91153 0.109207
25 6.57434 0.0691719
26 6.45268 0.071502
27 6.32076 0.135493
28 6.64041 0.142249
29 7.43101 0.118778
30 7.00329 0.0894405
31 6.96878 0.126719
32 6.68502 0.124315
33 6.59679 0.101096
34 6.58743 0.116913
35 6.56141 0.102561
36 7.33549 0.110153
37 6.63954 0.111453
38 7.14089 0.134311
39 5.90083 0.14057
40 7.11969 0.0958053
41 6.98398 0.117387
42 7.26307 0.121597
43 6.95464 0.119633
44 6.92598 0.118428
45 7.00525 0.15405
46 6.55834 0.140116
47 6.60026 0.116854
48 7.15319 0.126963
49 7.12986 0.0903648
50 7.57799 0.118071
51 7.03462 0.142159
52 7.12305 0.093674
53 7.17735 0.114875
54 6.5437 0.139629
55 6.9944 0.138707
56 7.08016 0.11202
57 6.90229 0.13997
58 7.46998 0.0890379
59 7.27408 0.13208
60 6.10434 0.129671
61 7.07341 0.112084
62 7.00053 0.112214
63 7.38037 0.123
64 7.35824 0.107695
65 6.61205 0.120197
66 7.3019 0.0935511
67 7.03909 0.101625
68 6.95151 0.112537
69 6.73097 0.105832
70 7.41624 0.131157
71 7.08894 0.115532
72 7.00369 0.135652
73 6.25407 0.164619
74 7.67205 0.0984571
75 7.2754 0.110855
76 6.82338 0.104752
77 7.45897 0.138531
78 6.93726 0.150398
79 6.82142 0.11146
80 7.09292 0.131998
81 6.88029 0.145442
82 7.46052 0.179827
83 7.62767 0.180612
84 7.40235 0.153137
85 6.64739 0.1699
86 6.72223 0.140034
87 6.96605 0.1608
88 7.02298 0.127025
89 6.85777 0.146813
90 7.19468 0.130649
91 7.21312 0.0973305
92 9.89755 0.159099
93 7.81498 0.123774
94 6.32998 0.0963078
95 7.28983 0.117691
96 7.237 0.120747
97 7.16745 0.112432
98 7.4816 0.135041
99 7.2477 0.0937028
100 7.39927 0.102643
101 7.87825 0.110968
102 7.32795 0.126549
103 7.78635 0.112905
104 7.54571 0.126936
105 7.16598 0.118266
106 6.93524 0.172961
107 7.13539 0.149036
108 6.24462 0.155521
109 7.88667 0.145659
110 7.21525 0.12367
111 7.18056 0.127613
112 7.42093 0.0991023
113 6.62978 0.100361
114 7.12562 0.161406
115 7.47689 0.107401
116 6.7885 0.10573
117 7.3722 0.12389
118 7.50352 0.097151
119 6.58891 0.145704
120 6.89516 0.119764
121 6.4177 0.162134
122 7.10044 0.121679
123 7.16092 0.132668
124 6.65155 0.121959
125 7.17278 0.1546349
126 7.37284 0.122292
127 7.73098 0.125027
128 7.27404 0.128276
129 7.60129 0.122597
130 6.79863 0.102526
131 7.82596 0.141907
132 7.7555 0.121261
133 7.34114 0.128166
134 7.1831 0.115897
135 7.59041 0.124808
136 7.2359 0.108285
137 7.77918 0.15215
138 7.45406 0.135274
139 7.19901 0.121931
140 7.43869 0.119199
141 7.24838 0.0858484
142 7.07039 0.120734
143 7.41596 0.0980381
144 7.02452 0.117331
145 6.97957 0.102628
146 6.93301 0.106249
147 7.49797 0.104924
148 6.89435 0.0782776
149 6.87611 0.131082
150 7.07642 0.100536
151 6.97889 0.0910382
152 6.82621 0.120281
153 6.88339 0.100818
154 7.44454 0.101926
155 6.81545 0.109387
156 7.32232 0.133687
157 7.23797 0.110662
158 6.20802 0.11578
159 7.6145 0.0955315
160 7.29963 0.0994779
161 7.31382 0.101047
162 6.66413 0.152555
163 6.34493 0.0813352
164 6.25308 0.0723741
165 6.46647 0.06327
166 6.82259 0.109515
167 6.85958 0.0982135
168 6.22847 0.0771879
169 6.24226 0.069475
170 6.08453 0.0722349
171 6.40372 0.0752788
172 6.35258 0.0841528
173 5.99093 0.0808506
174 5.81399 0.0831602
175 6.0463 0.0738625
176 5.53061 0.109352
177 5.98948 0.0835834
178 6.18684 0.0809106
179 6.03107 0.0695769
180 6.11503 0.0873059
181 5.82166 0.0844433
182 6.2462 0.114692
183 6.06461 0.111855
184 5.98177 0.0929858
185 6.47964 0.0988134
186 6.31446 0.106816
187 6.34331 0.108224
188 6.22913 0.11143
