1.83158 1.87368 1.87286 1.98467 1.96298 1.95138 1.8216 
1.90303 1.90713 1.85966 1.86708 1.8499 1.92017 1.91368 
1.89938 1.82451 2.00599 1.99356 1.95463 2.02911 1.92472 
1.83862 2.01288 1.80362 1.98449 1.76321 1.73501 1.87145 
1.93303 1.91976 1.82792 1.90741 1.89346 1.82332 1.97082 
1.86601 1.88416 1.8407 1.92469 1.92894 1.84407 1.8873 
2.02332 2.03588 2.01419 1.94735 2.07697 2.00947 2.04228 
1.8691 2.04231 2.05444 1.84694 2.00358 2.07664 1.91851 
1.84629 1.95981 1.82929 1.91831 1.95137 1.83099 1.93504 
1.93165 1.86636 1.88771 1.85809 1.82654 1.83393 1.86281 
1.9635 1.94933 1.94885 1.89992 1.89537 1.92652 1.82896 
1.86197 1.95804 1.87402 1.97081 2.02114 1.92082 1.93983 
1.85962 1.9641 1.90825 1.88821 1.84926 1.82645 1.8148 
1.85724 1.83572 1.89746 1.85719 1.8749 2.01183 1.88002 
1.93021 1.8586 1.85376 1.88903 1.91596 1.95071 1.91575 
1.90952 1.86441 1.86385 1.97016 1.87054 1.90131 1.79653 
1.80253 1.89717 2.05778 1.87497 1.85906 1.9596 1.85106 
1.94298 1.90286 1.95033 1.82312 1.96004 1.92373 1.98316 
1.82912 1.98479 1.84472 1.92156 1.94077 2.00364 1.90501 
1.89734 1.86838 1.94976 1.89006 1.91169 1.89456 1.88637 
1.85525 1.86952 1.97628 1.86013 2.02154 1.86996 1.86667 
1.87245 1.89563 1.90132 1.85333 1.85851 1.9309 1.83019 
1.9119 1.86734 1.91321 1.91028 1.93105 1.85886 1.88634 
1.91758 1.96524 1.74717 1.78266 1.77302 1.82677 1.81482 
1.78378 1.77205 1.77006 1.75363 1.81334 1.79231 1.809 
1.7716 1.82845 1.78833 1.81683 1.76958 1.79542 1.78199 
1.8071 1.8043 1.75596 1.76911 1.77958 1.78327 1.75831 
