2.03005 1.97286 2.02224 1.95779 2.033 2.01849 1.87334 
1.88938 1.82628 1.89023 1.84698 1.89999 2.02266 1.87071 
1.99238 1.8854 2.0828 2.05021 2.0587 2.11805 1.86073 
1.80706 2.11349 1.79591 2.07119 1.88834 1.78407 1.87052 
1.96972 2.0365 1.9 1.99542 1.98634 1.90015 1.93938 
1.91744 1.96456 1.91467 1.99404 2.09058 1.9167 1.9148 
2.08751 2.03057 2.0701 2.01622 2.13035 2.07167 1.93598 
1.92438 2.1258 2.10876 1.96948 2.05587 2.08924 1.93067 
1.89914 2.05482 1.9215 2.01557 2.05455 1.91351 1.87832 
1.99922 1.93195 1.94239 1.94532 1.90785 1.94193 1.84484 
2.05035 2.04152 2.07007 1.95877 1.94372 2.01689 1.90159 
1.92548 2.04469 1.96236 2.03764 2.10358 2.0214 2.09274 
1.92853 2.04203 1.99363 2.00406 1.95979 1.90444 1.91625 
1.93016 1.88151 2.00324 1.95525 1.97187 2.06859 1.86853 
1.99629 1.95606 1.94434 1.97729 2.00965 2.03923 2.08548 
1.98782 1.95171 1.93701 2.06426 1.96048 2.00584 1.91067 
1.90171 1.99655 2.14119 1.96443 1.94694 2.04481 1.91715 
2.00238 1.98928 2.04566 1.91407 2.06386 2.00601 2.06084 
1.87982 2.06693 1.93116 2.04228 2.02748 2.07993 1.98385 
2.01433 1.96288 2.02022 1.97119 1.99815 1.98489 1.84494 
1.93516 1.96741 2.04964 1.97248 2.13836 1.94119 1.98902 
1.88946 1.95873 1.99886 1.96266 1.94783 1.99242 1.89221 
1.98841 1.97161 2.00998 1.95655 1.99986 1.94185 1.9989 
1.95674 2.05618 1.85483 1.89301 1.8858 1.90251 1.90675 
1.89922 1.88314 1.87504 1.86728 1.85792 1.87842 1.79381 
1.89265 1.89376 1.90804 1.93927 1.88598 1.90363 1.82613 
1.91138 1.95098 1.91359 1.90252 1.89224 1.90585 1.85629 
