1.89675 1.88007 1.88071 1.99392 2.01044 2.0142 1.96347 
1.97343 1.98777 1.89306 1.94147 1.92608 1.9781 1.9226 
1.94661 1.84478 2.06378 2.09426 1.99868 2.12021 1.92021 
1.90423 2.06745 1.91644 2.02367 1.83655 1.84356 1.90446 
1.99276 1.95735 1.85923 1.94912 1.93771 1.88666 1.98609 
1.92967 1.93958 1.92584 2.00531 1.94218 1.90714 1.953 
2.1251 2.10904 2.02758 1.91905 2.15996 2.05426 1.97024 
1.92178 2.10728 2.124 1.87281 2.0985 2.16517 2.00854 
1.91326 2.01039 1.89499 2.01741 2.04121 1.91589 1.98837 
2.03578 1.9257 1.9807 1.95566 1.94476 1.92596 1.91474 
2.04434 2.02367 2.03266 2.01905 1.99426 2.00262 1.9081 
1.95788 2.04709 1.95752 2.04405 2.10093 2.04629 2.03843 
1.99225 2.06302 2.00428 1.9887 1.94756 1.9574 1.88801 
1.9437 1.8897 1.99711 1.96355 1.966 2.09729 1.88637 
2.01685 1.95532 1.94537 1.96782 2.00411 2.04001 2.01359 
1.98808 1.9517 1.95864 2.07045 1.96048 1.98852 1.90324 
1.90172 1.99762 2.14727 1.96235 1.9414 2.05345 1.93132 
2.05859 1.99051 2.03583 1.90457 2.05292 2.01314 2.07119 
1.91706 2.07443 1.93688 2.01594 2.02901 2.08592 1.9926 
1.97066 1.95787 2.02757 1.97294 1.99431 1.97683 1.94188 
1.83823 1.89913 2.03679 1.92615 2.12489 1.94335 1.87172 
1.91307 1.9375 1.94414 1.92106 1.94945 2.01199 1.86793 
1.96227 1.91878 1.98531 2.00516 2.02672 1.94736 1.9636 
1.96535 2.00397 1.81794 1.85436 1.85081 1.87261 1.86501 
1.87408 1.8376 1.85904 1.82373 1.90341 1.8742 1.88766 
1.83638 1.91083 1.879 1.90913 1.83903 1.87359 1.85664 
1.86964 1.88859 1.83676 1.85226 1.85269 1.856 1.81331 
