1.91045 1.92823 1.93738 2.05116 2.04158 2.03978 1.89823 
1.98187 1.98483 1.91742 1.91674 1.91747 1.95895 1.96838 
1.95195 1.87745 2.04764 2.06533 2.0178 2.09711 1.98548 
1.91138 2.05043 1.88458 2.02772 1.82308 1.80211 1.90983 
1.99302 1.97211 1.86175 1.9588 1.98096 1.88447 2.0099 
1.93731 1.94364 1.89963 1.96734 1.98736 1.9058 1.94289 
2.08077 2.0983 2.08142 2.00517 2.12949 2.04151 2.06986 
1.92631 2.07614 2.09153 1.91763 2.0652 2.15943 1.98846 
1.90482 1.99854 1.88808 1.98761 2.02041 1.90087 2.00144 
2.0003 1.92216 1.96104 1.92183 1.91058 1.88495 1.94039 
2.00827 1.99662 1.99169 1.99094 1.96585 1.97249 1.91205 
1.9309 2.01341 1.9303 2.01713 2.0699 2.01037 2.00957 
1.95419 2.04462 1.97414 1.95024 1.91514 1.92446 1.89671 
1.91313 1.86441 1.96162 1.93817 1.94307 2.06007 1.94722 
1.98867 1.92848 1.91004 1.93254 1.97912 2.00364 1.99871 
1.96392 1.91715 1.91236 2.03911 1.93573 1.95468 1.87865 
1.88377 1.96877 2.12154 1.9243 1.915 2.02324 1.91811 
2.02649 1.95718 2.0055 1.88881 2.01852 1.97509 2.0299 
1.89504 2.04519 1.90216 1.99129 2.00546 2.04656 1.97446 
1.95353 1.92166 1.99775 1.94255 1.96814 1.95545 1.94306 
1.91054 1.9325 2.03632 1.92799 2.11258 1.93706 1.9239 
1.92761 1.93989 1.95852 1.91367 1.91994 1.9794 1.88654 
1.96802 1.91872 1.95896 1.97259 2.00339 1.9168 1.95549 
1.97666 2.01763 1.80306 1.83473 1.82994 1.88329 1.87679 
1.83454 1.82402 1.8249 1.80027 1.85908 1.84098 1.85429 
1.81821 1.88136 1.83238 1.86906 1.81279 1.83859 1.82661 
1.83619 1.85405 1.79456 1.82089 1.8354 1.81337 1.80125 
